#From David Sobral.
#Phi is in units of Mpc^-3 dex^-1.
#
# Bin_LogL_unc   Bin_LogL_corr   Delta_Bin   N_sources   Poiss_err   Obs_Phi   err_obs_phi   Corr_Phi   err_corr_phi   Volume_top_hat
41.30   41.70   0.07         218   14        -2.12   0.03        -1.93   0.03     190995
41.45   41.85   0.07         222   14        -2.11   0.03        -2.02   0.03     190995
41.60   42.00   0.07         107   10        -2.43   0.04        -2.18   0.04     190995
41.75   42.15   0.07         54   7        -2.72   0.06        -2.43   0.06     190995
41.90   42.30   0.07         12   3        -3.38   0.15        -2.73   0.17     190995
42.05   42.45   0.07         10   3        -3.46   0.17        -3.01   0.17     190995
42.20   42.60   0.07         7   2        -3.61   0.21        -3.27   0.21     190995
42.35   42.75   0.07         2   1        -4.16   0.53        -3.79   0.55     190995
42.50   42.90   0.07         1   1        -4.46   0.90        -4.13   1.51     190995
