#redshift LBG/Gyr SFRD_tot[Msun/yr/Mpc^3] SFRD_disk[Msun/yr/Mpc^3] SFRD_bulges[Msun/yr/Mpc^3]
21.7041 13.649912 -20 -20 -20
21.2779 13.645306 -20 -20 -20
20.8596 13.640565 -9.403880341510225 -9.403880341510225 -20
20.4492 13.635689 -8.279332095922587 -8.85418978454386 -8.413730542605586
20.0465 13.630672 -7.785048978507661 -8.592395575951837 -7.858619494771379
19.6513 13.62551 -7.563419259622717 -8.199663000703229 -7.677536269178483
19.2636 13.6202 -7.154237784923906 -7.8996854452428495 -7.24026600716397
18.8832 13.614737 -6.808306527654963 -7.668281050330066 -6.872822702547128
18.5099 13.609116 -6.607678324949084 -7.401786767458211 -6.683737302597779
18.1436 13.6033325 -6.324971468470619 -7.189605085986481 -6.388746085734313
17.7842 13.5973835 -6.132539003538432 -6.905767287365779 -6.212711575041042
17.4315 13.591262 -5.886358150605523 -6.673370133718096 -5.963788739204337
17.0854 13.584963 -5.658395601447747 -6.453987563427405 -5.734171204742966
16.7459 13.578485 -5.45799369833395 -6.230199799147464 -5.538373803189064
16.4127 13.571818 -5.2538853308120155 -6.034480480784105 -5.332579442921601
16.0858 13.5649605 -5.074864759840698 -5.852428360276008 -5.154163631357163
15.765 13.557904 -4.9061998847549395 -5.661300360342841 -4.990141822507711
15.4503 13.550646 -4.731021742494571 -5.491825790479598 -4.8137571551691885
15.1414 13.543177 -4.578183912859642 -5.319863701776345 -4.665041941477948
14.8384 13.535494 -4.425888154854101 -5.157463061969452 -4.5150155565966354
14.541 13.527588 -4.284128856362624 -5.0037774388669245 -4.376019486676483
14.2492 13.519454 -4.146448335904975 -4.853713586901349 -4.241309059747375
13.9629 13.511086 -4.01616298264156 -4.707854247233501 -4.114911902716463
13.682 13.502479 -3.885595003310389 -4.572467836281788 -3.985582702975822
13.4064 13.493624 -3.766195685344967 -4.440443778144075 -3.8695124974980524
13.1359 13.484511 -3.651171632576843 -4.312572483043754 -3.758004656403256
12.8705 13.475137 -3.5360934989644273 -4.192249272633465 -3.644400687725532
12.6101 13.465493 -3.4317539883442274 -4.075579327762666 -3.5436182018730804
12.3545 13.455567 -3.3317564710952325 -3.9625977858688994 -3.447510237831422
12.1038 13.44536 -3.2348767887949013 -3.85506804928091 -3.3539361680187376
11.8578 13.434859 -3.1420093048625355 -3.753236472739936 -3.2639348180650734
11.6164 13.424054 -3.053731772480694 -3.6545968451515445 -3.1790695470268098
11.3795 13.412936 -2.9720762762817468 -3.558459391523118 -3.1023689653882682
11.1471 13.401501 -2.890767580304286 -3.46727996640422 -3.024567432179598
10.919 13.389733 -2.8159706115762524 -3.3789634644741526 -2.9547537484411888
10.6952 13.377627 -2.7425590055317013 -3.2950939833682433 -2.8853459530486667
10.4757 13.365178 -2.6705566606934954 -3.2155902095558044 -2.816299094777195
10.2602 13.352364 -2.6062696669112584 -3.1376192604466495 -2.7575912384042263
10.0488 13.339184 -2.5416920588756318 -3.0643284419453978 -2.6966979297983458
9.84138 13.325624 -2.4820036650015544 -2.9933825287378775 -2.6419289171176605
9.63783 13.311673 -2.425884652664405 -2.925373747532035 -2.5912096757027876
9.43811 13.297321 -2.3726204356769363 -2.8603067825221147 -2.543523992709589
9.24214 13.282557 -2.3212268301808847 -2.7982380021757844 -2.497373141064416
9.04985 13.267367 -2.2719585532654296 -2.7392387741926276 -2.453055236001518
8.86115 13.251739 -2.228072384746719 -2.681754650094952 -2.4163752441265043
8.67605 13.235665 -2.1836527346808805 -2.627474392536162 -2.3774029370671106
8.49433 13.219121 -2.1406755997274187 -2.5764452989359925 -2.3390194433734948
8.3161 13.202108 -2.104334734626796 -2.5271519423165074 -2.3103566681469654
8.14119 13.184604 -2.0677575949737883 -2.4804489262728233 -2.280043333955528
7.96958 13.166597 -2.035248874452562 -2.435538999598981 -2.2555379153075035
7.80119 13.148074 -2.003476839298093 -2.393169676067619 -2.23091201579421
7.63595 13.129016 -1.9743278070327894 -2.352643944491342 -2.2097697399034537
7.47379 13.109408 -1.9464589858137642 -2.314389024567511 -2.189532097708043
7.31469 13.089238 -1.9204445853378511 -2.2777118912733685 -2.171691694017616
7.1586 13.068493 -1.8960680260941027 -2.242843887949853 -2.155714847678577
7.00544 13.047151 -1.8722329822625838 -2.210134393649869 -2.139278433241536
6.85509 13.025187 -1.8523964425402175 -2.1784961162016914 -2.129725270884434
6.70766 13.002607 -1.8323928664736764 -2.148752690340496 -2.118615751219536
6.56292 12.979367 -1.8114721060700505 -2.120829574896249 -2.1043313059666566
6.42093 12.955465 -1.7928635257936096 -2.0944219145622127 -2.0933657704519093
6.28162 12.930881 -1.7760626102758863 -2.0689354170482703 -2.0854059458267775
6.1449 12.905586 -1.7594650267165106 -2.0444734056975236 -2.077130409664974
6.01075 12.879568 -1.7413081700458601 -2.0215405424396398 -2.0641820661645447
5.87914 12.852808 -1.7252052376197775 -1.9991831430503268 -2.055084986903514
5.74996 12.8252735 -1.707644812428761 -1.9776662964228895 -2.0420687278868077
5.62326 12.796963 -1.6923061811116211 -1.9566491164147075 -2.033410738461875
5.49891 12.767835 -1.673160869032632 -1.9370007152245778 -2.014866542859311
5.3769 12.737875 -1.6556796536576708 -1.917921834921806 -1.9993044815051557
5.2869 12.714846 -1.615597137531087 -1.9077679539941048 -1.925670800828908
5.19813 12.691313 -1.630691801950504 -1.8857059300087977 -1.9831975076836335
5.11068 12.667295 -1.6176412949696208 -1.8661509286632634 -1.9784282425321527
5.02442 12.642754 -1.6033021413923447 -1.850043800145811 -1.966389404191459
4.93937 12.617686 -1.5908533571739816 -1.8352865177589006 -1.9569769374052857
4.85556 12.592096 -1.5760572651951914 -1.8218016723445287 -1.9404516088246373
4.77291 12.565953 -1.5628799000375249 -1.809226813360672 -1.9264837199611837
4.69142 12.539251 -1.551041634253681 -1.7974888992877216 -1.9145140328647188
4.61111 12.511991 -1.5381597206543738 -1.7866108692519873 -1.8990224194382033
4.53189 12.484135 -1.5291768230347254 -1.7758926308226863 -1.8922978808139455
4.45381 12.455694 -1.516977490062968 -1.7661192293236847 -1.8769472115082497
4.37684 12.426652 -1.508525246389938 -1.7565459214917898 -1.869946225510911
4.30093 12.396982 -1.500570951453157 -1.7470844817560278 -1.863956607033196
4.22613 12.366698 -1.494642559387267 -1.7380186534811821 -1.8621690263917112
4.15236 12.33576 -1.4868586300143523 -1.7291301029098438 -1.8558596257177324
4.07965 12.304175 -1.4800024789210342 -1.719929944632435 -1.8521616710175046
4.00794 12.271909 -1.4719500807886121 -1.7112001530652365 -1.845029450062812
3.93727 12.238973 -1.464018549121537 -1.7029240872258904 -1.8375672378073036
3.86758 12.20533 -1.4560548838872909 -1.6948135374088396 -1.8298039242496202
3.79888 12.17098 -1.4500344365256195 -1.6868108490766276 -1.826503029086961
3.73113 12.135894 -1.4417664671276949 -1.6793461048788751 -1.8171295181460407
3.66435 12.100075 -1.4369323617049394 -1.671532069543102 -1.8164215313115686
3.59853 12.06351 -1.4295866397557213 -1.6641842239249005 -1.8090787740492218
3.53363 12.026169 -1.423692260816631 -1.656790927562734 -1.8052856179846286
3.46963 11.988033 -1.4182166891237251 -1.6495932114752916 -1.8022458536832966
3.40655 11.949106 -1.4111945220575732 -1.6427493208770239 -1.7949704474349861
3.34435 11.909354 -1.4050965258588062 -1.636045484111062 -1.7897340660727359
3.28304 11.868777 -1.3972362822643722 -1.6300290105611919 -1.779260659233057
3.22258 11.827338 -1.396242638224943 -1.6234265772267928 -1.7863007755863318
3.16299 11.785044 -1.3908845189119838 -1.6173102156203993 -1.7820482971402056
3.10423 11.741858 -1.388265952270059 -1.6108951290354268 -1.7850379434863635
3.04629 11.697762 -1.3847209351645258 -1.6047787139980434 -1.7853613248394986
2.98918 11.652757 -1.3789407692051927 -1.5989268106148744 -1.7796899062167826
2.93287 11.60681 -1.3732463128151553 -1.5935370528176793 -1.7735338662038624
2.87737 11.559919 -1.374115450743402 -1.5874421159647225 -1.7851605849475294
2.82264 11.512045 -1.3686153129899885 -1.5822017499723193 -1.7792512092511472
2.76869 11.463185 -1.3651878834221889 -1.5771280898206195 -1.7784279232397444
2.7155 11.413313 -1.3624612477792895 -1.57212162864709 -1.7793502134891437
2.66306 11.362411 -1.3610675187305372 -1.567335100603 -1.7834803515970807
2.61135 11.310448 -1.360030046067758 -1.5626698192894475 -1.788477060692597
2.56038 11.257426 -1.359224447760334 -1.5580622757545413 -1.7941420952050937
2.51013 11.203317 -1.3548972837125361 -1.5541307175545092 -1.7891344682469845
2.46058 11.1480875 -1.3543048905310842 -1.5502730847736435 -1.7942094645677114
2.41174 11.091742 -1.3520616381066726 -1.5466721828781078 -1.7943573137893916
2.36358 11.034234 -1.352043236025968 -1.5429764409710855 -1.8009207258491595
2.31611 10.975569 -1.3516606661110886 -1.5395532657232753 -1.8060998024539667
2.26931 10.915711 -1.3490151815267966 -1.5367706009597364 -1.8037078501453347
2.22317 10.854642 -1.3515187465510803 -1.5335691640953342 -1.8169615182706749
2.17767 10.792322 -1.3503072029954353 -1.5311805601796384 -1.8180193899443875
2.13282 10.728758 -1.3501869327801272 -1.5289790438535955 -1.8219563564427121
2.0886 10.663911 -1.3526838003572852 -1.5268818417243186 -1.833616431088163
2.045 10.597759 -1.3523425687563235 -1.5254916764283033 -1.835408605253181
2.00203 10.530308 -1.3536912604250715 -1.5240312467529267 -1.842548719293914
1.95966 10.461506 -1.3505628594683243 -1.5233516310288704 -1.8343653965484823
1.91788 10.391322 -1.3515802430917714 -1.522809581460858 -1.8385917377803158
1.8767 10.319769 -1.3545036673288564 -1.5223266376058155 -1.8486492786470088
1.8361 10.246804 -1.3564702235048571 -1.5220086712694259 -1.8554989855837942
1.79607 10.1724 -1.3538389702500402 -1.522315143085974 -1.8466030747849789
1.7566 10.096533 -1.3558148656635065 -1.5231074096269561 -1.8510870935354746
1.71769 10.019192 -1.3555368683020623 -1.5242777647905787 -1.8477429277735509
1.67933 9.940352 -1.3608502605024704 -1.525075148525274 -1.8627236055439054
1.64152 9.860009 -1.3632551900409757 -1.526345595436643 -1.8676073980156482
1.60423 9.7780905 -1.3726597370981317 -1.535065323273041 -1.878518320311374
1.56748 9.694635 -1.3934099129065247 -1.5479830989180996 -1.917056766758663
1.53124 9.609571 -1.4112236988518472 -1.560414337761756 -1.9477284107775434
1.49551 9.522892 -1.42662907646047 -1.5726437882541804 -1.970980559960536
1.46029 9.434591 -1.43938265933465 -1.5847236576645616 -1.9854245597617115
1.42557 9.344645 -1.4495517476332165 -1.5973516275115265 -1.9894681234762166
1.39133 9.252993 -1.4634050915263317 -1.6100346100463019 -2.006221956349059
1.35758 9.159662 -1.4810130122610463 -1.6221723693962793 -2.0377572926798226
1.33534 9.096474 -1.4863595218003816 -1.6352041487806983 -2.0237095140007195
1.31332 9.032545 -1.5062715556830246 -1.6450656627644524 -2.0692352742625424
1.2915 8.967817 -1.513938102143117 -1.653121002077431 -2.0758710122105937
1.26988 8.902288 -1.5247842974273136 -1.660785017176681 -2.0952546653901933
1.24847 8.83599 -1.5343633802739782 -1.6680934397457605 -2.1110692536122166
1.22727 8.768925 -1.5443825891350813 -1.675312056252435 -2.128950805763727
1.20626 8.701026 -1.5461769838144035 -1.6828004847287603 -2.1149582767027284
1.18545 8.632329 -1.5551480734396292 -1.6898800114851773 -2.129087602974191
1.16483 8.562799 -1.5643099645603464 -1.6971613385328876 -2.1434619207189303
1.14442 8.492506 -1.5739603152677353 -1.7044702520368142 -2.159723094895924
1.12419 8.421347 -1.584476456852271 -1.7110720568700502 -2.181603449950579
1.10416 8.349394 -1.5867732733637345 -1.7185492110049212 -2.1689447082900206
1.08431 8.276577 -1.5956389141674179 -1.7255180149738216 -2.183206317851213
1.06465 8.202934 -1.5990677797894148 -1.7331783376744987 -2.1747202087733335
1.04518 8.128464 -1.6066860827261937 -1.7405088392575885 -2.1831349952277006
1.02589 8.053135 -1.6186730333932433 -1.7474065479827219 -2.2095436728467495
1.00678 7.9769487 -1.6246793008466334 -1.7545097047971108 -2.2123864325282043
0.987854 7.8999195 -1.6319217549320162 -1.7616220770592432 -2.2200024335214565
0.969105 7.8220243 -1.6396063031386174 -1.7691764495151714 -2.228061232451607
0.950531 7.7432585 -1.6458744162880017 -1.776502159888558 -2.2313013063908995
0.932136 7.6636405 -1.6548253910378437 -1.7838355319446126 -2.244895289830286
0.913912 7.583141 -1.664750720971601 -1.7911455895427069 -2.262471382531295
0.89586 7.5017653 -1.6698852746572885 -1.7984655873791866 -2.2612002382730325
0.877977 7.419506 -1.6781998406162917 -1.8053300606466816 -2.2737509609576665
0.860264 7.3363695 -1.6867341336084956 -1.8123437016442114 -2.286787825520519
0.84272 7.2523584 -1.6940849718628 -1.8195569118098438 -2.294549269787999
0.825337 7.1674366 -1.7029399481842526 -1.8261621541797892 -2.31019061776803
0.808122 7.0816455 -1.7077085398036411 -1.83301968356059 -2.3086532218934264
0.791068 6.994955 -1.7097149671959568 -1.8399362577557985 -2.296302217478725
0.774176 6.9073734 -1.7241513088173355 -1.846550701952017 -2.3339196508901594
0.757441 6.8188844 -1.7306894621016864 -1.8527323844290453 -2.3415545839682284
0.740865 6.729501 -1.7354704169082122 -1.8597869009707306 -2.3394025331656225
0.724447 6.639227 -1.7371496079990314 -1.8669575511726593 -2.3249212077945605
0.708181 6.5480347 -1.7459057596972358 -1.873800880843578 -2.339215463304194
0.69207 6.4559474 -1.7548788329607627 -1.8807240348160725 -2.354230725479368
0.676112 6.3629627 -1.7622595831582633 -1.8874151323354746 -2.363669785459205
0.660302 6.269058 -1.7701310401288644 -1.8941624666036543 -2.3749243906911683
0.644642 6.174254 -1.7773801518946446 -1.900781841976675 -2.3840841941613067
0.629129 6.07854 -1.7768062827958158 -1.9078284075285898 -2.3611112654644764
0.613765 5.981938 -1.7888898701657405 -1.9140674864656861 -2.3902340097698933
0.598542 5.884405 -1.7951460638281391 -1.9202621837818579 -2.396674339408986
0.583466 5.7859907 -1.8056856008463313 -1.9260475630726552 -2.4217726243941997
0.568531 5.6866636 -1.8101654476983327 -1.932476933394609 -2.4202039202489054
0.553736 5.5864286 -1.8135895025258424 -1.939028090108583 -2.4141533835072657
0.539082 5.485302 -1.8286521871984902 -1.9447551967523857 -2.4583520186904453
0.524567 5.3832817 -1.8331866020863212 -1.9507109767326378 -2.4582808237992384
0.510186 5.28034 -1.8340717275134977 -1.956659835341771 -2.443260920061532
0.495942 5.1765156 -1.8336576817737005 -1.9631047698559012 -2.422466799448693
0.481833 5.0718 -1.8492937386686605 -1.9687350968601292 -2.4682761397696242
0.467855 4.966179 -1.851127247546171 -1.974736155990305 -2.4572013312748533
0.454012 4.8596935 -1.8613392760082386 -1.9800146802348597 -2.4827501901248854
0.440298 4.752309 -1.8693936606541062 -1.9851859862243961 -2.500108755173474
0.426713 4.644041 -1.8746664898931718 -1.9904666197162664 -2.505356043440278
0.413256 4.534893 -1.8755859047696986 -1.9957342558168896 -2.492342489991492
0.399927 4.42488 -1.8816647389854328 -2.001100807098756 -2.5006638515362924
0.386722 4.313981 -1.8886471023837947 -2.0057858539535123 -2.5149845416935004
0.373643 4.2022285 -1.8892267096407525 -2.0111503488472113 -2.5004596594658732
0.360687 4.08961 -1.8932175628827375 -2.016403720842113 -2.5005781287599245
0.347854 3.976143 -1.901825311238976 -2.0213290673365187 -2.520610660120614
0.33514 3.861805 -1.9063306853299773 -2.0264671856482175 -2.523124456410704
0.322548 3.7466393 -1.9068142226564206 -2.0314617955902117 -2.509748878070975
0.310073 3.6306162 -1.923552943187581 -2.035644311399842 -2.5666059879239795
0.297717 3.5137682 -1.922334331407745 -2.04075491452142 -2.5445571486684426
0.285478 3.3960981 -1.9333818263271183 -2.0452307565107772 -2.577259190878926
0.273353 3.277587 -1.9394105561694797 -2.0496263787475617 -2.5888940108452094
0.261343 3.158265 -1.9345967102493262 -2.053918671188475 -2.5539564955853447
0.249447 3.0381413 -1.9396485282539095 -2.0584739834264694 -2.5605822861123833
0.237662 2.9171982 -1.9484507311354249 -2.0623744733682625 -2.5853382020317346
0.225989 2.7954693 -1.9456234347909778 -2.066854952235126 -2.5589988247835618
0.220194 2.7343082 -1.9407343019258319 -2.0732976542864896 -2.5206921421286164
0.214425 2.6729345 -1.9570995122801615 -2.0768021155126424 -2.575257687392488
0.208684 2.6113749 -1.9633957172302992 -2.07958077138721 -2.592827957406058
0.202971 2.5496292 -1.9642620553272945 -2.0823560808038946 -2.5875282632821226
0.197284 2.4876795 -1.9629418230948887 -2.0847564680758377 -2.5745112345298597
0.191624 2.425537 -1.9753253276040081 -2.0865434878623765 -2.6213569193508315
0.185992 2.3632164 -1.9721204676325768 -2.0886293600390773 -2.6004985970195618
0.180385 2.300686 -1.9708507809137668 -2.090905065054813 -2.587902650031599
0.174805 2.2379723 -1.9829965161904122 -2.0923864272916664 -2.635351074808279
0.169251 2.1750622 -1.9863560520561492 -2.094221307375249 -2.644075722741148
0.163724 2.1119747 -1.9770935970739554 -2.09650650316318 -2.5961658888359826
0.158224 2.048709 -1.9790803676632491 -2.0984688246682137 -2.598229922651482
0.152748 1.9852362 -1.987833104581357 -2.100062837018731 -2.6304165996738686
0.147299 1.9215899 -1.9797936697063412 -2.102710123323014 -2.5879776317477248
0.141876 1.8577614 -1.9821217428482796 -2.1044910142715225 -2.5919826207502488
0.136479 1.7937546 -1.9928500025863043 -2.1064808510753568 -2.630715406600442
0.131107 1.729558 -1.9919604757851208 -2.108132388051179 -2.6214355642057097
0.12576 1.6651773 -1.9979998757870714 -2.1093422241317694 -2.6436062426766247
0.120438 1.6006136 -2.0013437237132248 -2.1111755015493223 -2.6521591879023836
0.115142 1.5358801 -2.0061914768301605 -2.112517868081196 -2.669413808527578
0.109871 1.4709702 -2.0046617447337436 -2.1142110957683786 -2.6564601380096167
0.104623 1.405858 -2.0004930726669956 -2.1158152528515406 -2.6327504390963075
0.0994013 1.3405886 -1.9910278078398553 -2.117774320963379 -2.5877091856636723
0.0942044 1.2751465 -2.0029182149950246 -2.118882657689555 -2.633070476780538
0.0890328 1.2095385 -2.0063248392427417 -2.1202227489353116 -2.6432984465610088
0.0838839 1.1437378 -2.0110466044305744 -2.1215298770325925 -2.659605543566843
0.0787603 1.0777779 -2.0085354848335735 -2.1227961957881547 -2.6443013920338707
0.0736618 1.0116577 -2.0163452675245352 -2.1237080081307065 -2.675852033539905
0.0685861 0.94535255 -2.014742642158423 -2.1248833032643883 -2.664486370735211
0.0635345 0.8788786 -2.0135525742025258 -2.1263252097121565 -2.65430001175873
0.0585068 0.8122406 -2.0188713211811637 -2.12735792708113 -2.674394236756499
0.0535032 0.7454395 -2.0168578937649477 -2.128256062724674 -2.6622733038036968
0.0485236 0.67847824 -2.002246774621941 -2.1305751043396595 -2.594293884618016
0.0435668 0.6113434 -2.009633637952404 -2.132171075828895 -2.6189782317867483
0.0386341 0.54405594 -2.020481544347346 -2.1329768315526962 -2.662165696465242
0.0337242 0.4765997 -2.024412667949104 -2.1336705277656702 -2.6772285483330633
0.0288383 0.40899277 -2.0123754110641348 -2.135962563465697 -2.618515577677739
0.0239743 0.34121323 -2.0132385208316155 -2.136682505437225 -2.6198138860760154
0.0191342 0.27328587 -2.022403139882502 -2.137446233718146 -2.6555794157341386
0.0143161 0.2051897 -2.0225241183284868 -2.138246916017718 -2.6534668432877013
0.00952181 0.13695335 -2.0282689246538204 -2.1388684649083567 -2.676426742362876
0.00474945 0.06855106 -2.0307136103329118 -2.1396150117375297 -2.684777935108081
0.0 9.536743e-07 -2.0160206349374095 -2.141103185228795 -2.6176494707331024
