#will print SFR density
#redshift LBG/Gyr SFRD_tot[Msun/yr/Mpc^3] SFRD_disk[Msun/yr/Mpc^3] SFRD_bulges[Msun/yr/Mpc^3]
23.208385 13.664568 -20 -20 -20
22.821434 13.661018 -20 -20 -20
22.441162 13.657387 -20 -20 -20
22.066986 13.6536665 -20 -20 -20
21.698898 13.649857 -20 -20 -20
21.336386 13.64595 -20 -20 -20
20.979954 13.6419525 -20 -20 -20
20.628635 13.63785 -20 -20 -20
20.283388 13.633652 -20 -20 -20
19.943724 13.629354 -20 -20 -20
19.60921 13.624946 -20 -20 -20
19.280273 13.620434 -20 -20 -20
18.956495 13.615809 -7.2006344891824625 -7.2006344891824625 -20
18.637878 13.6110735 -6.609238791716426 -6.609238791716426 -20
18.324419 13.606222 -5.748646445515721 -6.874476869904397 -5.782432493943358
18.015745 13.601249 -6.177291046964889 -6.242632863458152 -7.032145514746217
17.712225 13.596158 -5.910353264437011 -6.0351557657337125 -6.512822218304314
17.413494 13.590941 -5.382209492660477 -6.144381565620998 -5.464658356745104
17.119553 13.585598 -5.530447186585423 -6.008471369618671 -5.706087684478914
16.83008 13.58012 -5.631272093511975 -5.7435013117187985 -6.273857332469105
16.545399 13.574511 -5.398463951284209 -5.524225552079155 -5.9980646634567085
16.265491 13.56877 -5.1249024627791995 -5.380601385161703 -5.4765525473908685
15.989756 13.562882 -5.125137388342264 -5.177338138513007 -6.071083930441959
15.718494 13.556853 -4.617355264331694 -5.152109551914656 -4.767265459087187
15.451697 13.550679 -4.790268723062646 -5.016323154792974 -5.181975600577283
15.188827 13.544347 -4.60864741031641 -4.9396000736498715 -4.881684171731578
14.930416 13.537866 -4.467705884218379 -4.8374469860962686 -4.709425383283428
14.676192 13.531228 -4.363288224353854 -4.69023185200893 -4.63986413153635
14.425909 13.5244255 -4.289735675601944 -4.542725041608968 -4.644789100661134
14.179574 13.517455 -4.175542798085364 -4.410466807903259 -4.554579642539231
13.937189 13.510316 -3.9461914286762174 -4.347434334840683 -4.1658521197100775
13.69875 13.503004 -4.006933462580132 -4.197838495207112 -4.455861980159157
13.464035 13.49551 -3.7266591976861565 -4.124990093854499 -3.9482475509565647
13.233052 13.487834 -3.7627104848022017 -4.026816353255372 -4.104098111286737
13.005798 13.479971 -3.620457777236049 -3.9630597050482117 -3.8835498960114387
12.782268 13.47192 -3.5706569914314192 -3.8591940522829256 -3.8845499651924764
12.562264 13.463671 -3.4956825848839213 -3.7694988595898624 -3.8257462412828303
12.345789 13.455221 -3.426377000266519 -3.6819177184409053 -3.7782244848081272
12.132667 13.446561 -3.4003637957132447 -3.5899699258930124 -3.8516551325785935
11.922902 13.437687 -3.2459613049662432 -3.519427865733998 -3.57642337517536
11.7166605 13.428604 -3.0920045221256993 -3.4684136493704694 -3.3288240491262107
11.513609 13.419294 -3.089386315373706 -3.3908685655904853 -3.389964526952363
11.313906 13.409763 -3.0543952869042186 -3.3160704553013045 -3.3987049742493247
11.117247 13.399992 -2.9860101643794987 -3.245600072594121 -3.3328555937648683
10.923783 13.389986 -2.9317923253181357 -3.191350418929787 -3.2786766518179618
10.733371 13.379733 -2.910028606574832 -3.130280759939445 -3.310374569297084
10.546011 13.36923 -2.8832880402100405 -3.0618341855606364 -3.355540763564092
10.3617 13.358475 -2.7397095155910987 -3.0211690380587024 -3.061233669824096
10.180305 13.347455 -2.7368782579199546 -2.9641971892038583 -3.1267400513567916
10.001826 13.336168 -2.711492813960338 -2.901775846301376 -3.161550319936132
9.826143 13.324603 -2.5957326197433717 -2.8611469254136925 -2.9355621248052715
9.653371 13.312762 -2.556472511929659 -2.8132143988751825 -2.9068252663939624
9.483279 13.300628 -2.536146249619671 -2.761404378368538 -2.9290218545522424
9.315872 13.288194 -2.4679274645401374 -2.727827571756088 -2.814393970590715
9.151151 13.275458 -2.43835983270111 -2.688737250669115 -2.7967398337373113
8.989112 13.262417 -2.4477144366316645 -2.6361784984259495 -2.901099862322697
8.829652 13.249057 -2.385957559538892 -2.5941965111468526 -2.8051469840825503
8.672677 13.235365 -2.3648385503762257 -2.5562266375096834 -2.812893410441884
8.51828 13.221347 -2.2705709907938383 -2.5338705443733542 -2.61292393931508
8.366278 13.20698 -2.2674890834421775 -2.496127804293485 -2.655439124678333
8.21676 13.192268 -2.252852780345463 -2.4575407182956335 -2.677876567909883
8.069636 13.177199 -2.216558607371608 -2.4232637033640527 -2.6382527211539624
7.924826 13.161759 -2.193277126160442 -2.3866302608569625 -2.6378058957777792
7.78233 13.145944 -2.1208620038903367 -2.3579447152865147 -2.4969084401235597
7.642146 13.129747 -2.082300319852361 -2.328783376013753 -2.4457258631131866
7.5041246 13.113147 -2.0769143923127267 -2.2991156687617913 -2.4743261466947275
7.368341 13.096148 -2.017160809927395 -2.2774714090125268 -2.3631268028792185
7.2347226 13.0787325 -2.048298160309978 -2.2488127430033464 -2.4803432143726845
7.103268 13.060899 -2.0054353892021872 -2.2259255363702724 -2.405421303900982
6.9739094 13.04263 -1.9961572516319386 -2.1984957052287175 -2.4251115359757294
6.8465834 13.023912 -1.9556933328178523 -2.1777882688272143 -2.3532643233674224
6.7213516 13.004749 -1.9630431407565618 -2.1513624190561553 -2.416695157826918
6.5980334 12.985106 -1.940596050301071 -2.1230392528596083 -2.405285511250441
6.4767475 12.964996 -1.8885757362222029 -2.1003529975759907 -2.302074926530074
6.357377 12.944393 -1.844603584348799 -2.078861904743525 -2.224569784516842
6.239924 12.923292 -1.8447935966967992 -2.05500120517839 -2.2608021569472005
6.124334 12.901677 -1.828956619330465 -2.0365387519244735 -2.249215737424602
6.010558 12.87953 -1.7984837879204014 -2.0182707002815654 -2.199535023260902
5.898645 12.856854 -1.807992581868469 -1.9967313528193278 -2.2608728759317707
5.7884974 12.833624 -1.7718850398146002 -1.9811226941153481 -2.1894560936790275
5.680116 12.809833 -1.7764603952984408 -1.9605744601580581 -2.2379674210716685
5.573455 12.78546 -1.7653094267997922 -1.9411826593938961 -2.242867063081472
5.4685144 12.760503 -1.7199234519361954 -1.9272134238455862 -2.140659751330739
5.3652506 12.73494 -1.7046823602159904 -1.9123891798269517 -2.1247380861642595
5.263623 12.708755 -1.6898356209289735 -1.9001767639464466 -2.105629783251255
5.163632 12.681939 -1.6766556180617413 -1.8846422836845182 -2.0962554119551533
5.065201 12.654465 -1.6944457014769592 -1.8670820353682134 -2.1785603705916787
4.9683676 12.626333 -1.6859553136987409 -1.852889056479615 -2.1819920726980615
4.873094 12.597525 -1.6712281279051568 -1.8381810890288284 -2.1672238864338054
4.779311 12.568011 -1.627127747673737 -1.8278166442349935 -2.058875890391076
4.6870527 12.537793 -1.6381398595958596 -1.8106489165484418 -2.122515397500715
4.596253 12.506841 -1.6435111767734176 -1.794891910127557 -2.1747188745810906
4.5069113 12.475145 -1.5742686085495898 -1.7867500912953775 -1.9866495979025083
4.418997 12.442685 -1.5324818678257828 -1.7796490022964608 -1.8950135720519294
4.33248 12.409441 -1.5594348107173337 -1.765971458172043 -1.9814054140534265
4.247333 12.375391 -1.5377285675071735 -1.7571786226920603 -1.9392916431288207
4.1635556 12.340527 -1.4847088421997574 -1.7537388481104452 -1.8202855674606377
4.08112 12.304825 -1.524103656557147 -1.7381526498768831 -1.9340124108433094
4.0 12.268266 -1.5378006454147704 -1.7197183019955906 -2.0034984855354026
3.9201703 12.230827 -1.4966777851207205 -1.7111717251458232 -1.9058889554833542
3.8416302 12.192497 -1.4738210138305732 -1.7058974999124734 -1.856857332763945
3.7643096 12.153232 -1.4769390445589925 -1.69243219145682 -1.8845903285685295
3.6882546 12.113042 -1.4608683874791377 -1.6833553161440862 -1.8578528824773455
3.6133974 12.071882 -1.4692094579590051 -1.6685631255760933 -1.9032401677776092
3.5397387 12.02974 -1.4270189482097715 -1.660428725286269 -1.8081747482330652
3.4672773 11.986607 -1.4408395713669695 -1.6494530776966703 -1.8594208967551666
3.3959522 11.9424305 -1.4534253678969669 -1.6345609820737208 -1.9206303526108468
3.3257647 11.897203 -1.3786278876592937 -1.6322848979192437 -1.7328382618094735
3.2566957 11.850899 -1.4275206310511317 -1.6150934866282707 -1.8825510627716624
3.1887448 11.803505 -1.399711392697736 -1.6081119580077947 -1.8186382644956762
3.1218586 11.754972 -1.4209210023719872 -1.593485832201503 -1.9051821986228827
3.0560546 11.705301 -1.3848752605630976 -1.5889024123236033 -1.8109987551029192
2.991299 11.654455 -1.4050312620989756 -1.574525799196332 -1.895654394213554
2.9275756 11.6024065 -1.3837559452223271 -1.562333887949711 -1.855946144006917
2.8648686 11.54913 -1.330002143334569 -1.5586386360285953 -1.7179554001549224
2.8031635 11.494601 -1.351465881733043 -1.5473668937787362 -1.7914882931529479
2.742445 11.438793 -1.31144346240237 -1.5446439252457398 -1.692893566713104
2.6826987 11.3816805 -1.3021832268716658 -1.540653451925615 -1.6763261524309117
2.6238973 11.323222 -1.2976168334924414 -1.538006759812823 -1.6691497548938157
2.5660412 11.263407 -1.292598894424273 -1.5362174006226286 -1.659802941220418
2.5091043 11.202192 -1.3330337741890437 -1.5297110868592676 -1.771697610111553
2.4530864 11.139567 -1.2679123539583315 -1.5377503713278544 -1.6025491606017876
2.3979511 11.075478 -1.272177064758434 -1.5400116561326562 -1.6091513217422435
2.3436987 11.009909 -1.3598677750230177 -1.5241323118479395 -1.8616548588491915
2.290318 10.942835 -1.289915360441911 -1.5315253901279464 -1.6598035046959854
2.2377863 10.874214 -1.3619994682905943 -1.5202317473308373 -1.877205367936632
2.1860933 10.804021 -1.2968394590268706 -1.5218251281005963 -1.6901161674892926
2.1352286 10.732227 -1.324719241352008 -1.5144434148349522 -1.7757950223951373
2.0851724 10.6587925 -1.3668433077954112 -1.5042138071775666 -1.933610428555391
2.035915 10.583689 -1.3653879794398474 -1.4959929454328074 -1.950879785445309
1.9874468 10.50689 -1.3491628939827447 -1.4886358237316493 -1.9103290356481366
1.9397498 10.428355 -1.3700835376276448 -1.4791332488402742 -2.023627868058402
1.8928154 10.348059 -1.3549336865153134 -1.4706947200144946 -1.9857512102715682
1.8466266 10.265959 -1.3150573666475143 -1.4697074976823485 -1.8385242813107714
1.8011754 10.18203 -1.3293258642804162 -1.4690327331697364 -1.8898748846403752
1.7564535 10.096246 -1.3647797950353497 -1.4614193004032385 -2.0648335179894985
1.7124455 10.008568 -1.3543898838452264 -1.451654855876732 -2.051942946156371
1.6691437 9.91897 -1.2965024960745632 -1.4503934701399348 -1.8217494012693474
1.6265264 9.827398 -1.309312093606156 -1.4554432276920504 -1.8533723920339993
1.5845938 9.733843 -1.2239576573900874 -1.4804539068607196 -1.574615328241725
1.543332 9.6382675 -1.355038237758323 -1.4859909779382146 -1.9395403169165346
1.5027217 9.540618 -1.3891008196623007 -1.493780849766912 -2.058310502453897
1.462769 9.440903 -1.3773850453711887 -1.5046895432462424 -1.9724241068466934
1.4234493 9.339054 -1.3590650941840297 -1.52081593665435 -1.8663710329050711
1.3847567 9.235052 -1.4072051336088662 -1.5335951551199698 -2.0049401439092405
1.3466797 9.128863 -1.4504075554938052 -1.5413954308178048 -2.1739082948307806
1.3092128 9.020466 -1.4420585208643442 -1.5492012637724646 -2.102350639654865
1.2723451 8.909832 -1.469097507013425 -1.5560061449482172 -2.210548782007276
1.236066 8.796925 -1.449850155426247 -1.569350706672782 -2.068645622341044
1.2003701 8.68173 -1.398061441316889 -1.5851396940551967 -1.8540089799745476
1.165238 8.564188 -1.4384835932417808 -1.5988616783509146 -1.9488470095269923
1.1306697 8.444302 -1.4659376879323855 -1.6133753487798128 -2.0067488436254366
1.0966514 8.32203 -1.522393682735079 -1.6198053190657826 -2.219362967683525
1.0631787 8.197359 -1.5438701504200887 -1.6315346981719618 -2.281925675165435
1.0302384 8.070253 -1.5446998620888253 -1.6440693639695882 -2.2339688740282115
0.99782234 7.9406877 -1.5880564136869448 -1.6514104347744138 -2.4553585373356364
0.9659266 7.8086605 -1.532377086591659 -1.6667570952545292 -2.1072856155200816
0.9345391 7.674134 -1.5505136785176348 -1.6867513144170792 -2.12034043465284
0.90365237 7.537094 -1.605606235531263 -1.695396079491075 -2.334285029884395
0.8732625 7.397541 -1.5494918976379353 -1.7164970313655274 -2.0453763796339306
0.84335196 7.2554135 -1.57621610328634 -1.7336713917053919 -2.093194820545025
0.813924 7.1107516 -1.5819993944324817 -1.7532247794748002 -2.069019069076432
0.78496206 6.9634967 -1.595042388087241 -1.7723150876624374 -2.0698103601276228
0.756466 6.8136744 -1.662729934288845 -1.7863925421376992 -2.2686409659655524
0.72842324 6.661251 -1.710147124026687 -1.7950762027634009 -2.4606477641598468
0.7008278 6.5062256 -1.7425995462339847 -1.7998253268137 -2.6510908811820304
0.673671 6.3485813 -1.6998657038564688 -1.8118910633502177 -2.3431429860173747
0.64694995 6.18834 -1.7264459512682653 -1.8251515863400631 -2.418306800389272
0.62065625 6.025492 -1.644667778079025 -1.8433462129095397 -2.0798600672517282
0.5947819 5.8600307 -1.7307782967902985 -1.8539926176856925 -2.33805300178974
0.5693192 5.6919518 -1.785350072429111 -1.8582868186495285 -2.5961461074438454
0.5442656 5.521287 -1.792308848494765 -1.8672679642324155 -2.5922093165471263
0.51961136 5.3480196 -1.790972892749699 -1.8725072945989145 -2.5575459002046466
0.49534947 5.1721544 -1.8006661857762116 -1.8807153593824935 -2.5745036272666506
0.47147545 4.993718 -1.7656766553844663 -1.8926876069564256 -2.361578674280452
0.44798267 4.8127155 -1.6971849369531948 -1.9108709058146705 -2.1076642001015182
0.42486474 4.629163 -1.7866585393293444 -1.9214635265650082 -2.3603973047497715
0.40211552 4.443075 -1.858819682110961 -1.9232010578605687 -2.719636829364703
0.37972903 4.25447 -1.886352583714561 -1.9260098567020696 -2.945491808722928
0.35770136 4.063384 -1.8281535235624518 -1.9355491591438065 -2.487543016451417
0.33602497 3.8698273 -1.8720350856337293 -1.9416895763055524 -2.70123213930889
0.31469446 3.6738234 -1.9138931979800815 -1.9447556172973244 -3.0775873724235945
0.29370457 3.4754047 -1.8498088051774073 -1.9596670112996504 -2.5005324374695395
0.27305016 3.274602 -1.7752058979600704 -1.9673308831396932 -2.221933235647549
0.25272468 3.071432 -1.8956435876271513 -1.9684919621396673 -2.706923191679713
0.2327249 2.8659506 -1.8608553388440614 -1.979429254778928 -2.4825893728917823
0.21304312 2.658163 -1.9334696361848547 -1.9866720263984887 -2.871652471761451
0.19367638 2.4481277 -1.8659645945836607 -1.9989242682400001 -2.444814052842021
0.17461884 2.2358713 -1.9307510509974015 -2.0074692841963904 -2.7214313540839945
0.15586492 2.0214243 -1.9270440708742436 -2.010520639488682 -2.6843337339440794
0.13741186 1.8048515 -1.973134966927276 -2.009080466511131 -3.07312354771632
0.1192518 1.5861588 -1.9656704180676665 -2.0138063005402214 -2.944831453771994
0.10138223 1.365407 -1.9620750739443844 -2.020729808557037 -2.860553655121896
0.08379819 1.1426373 -1.9165085759462572 -2.030529381402758 -2.553072596084339
0.06649489 0.9178934 -1.7974850156912736 -2.0500002776709914 -2.153138888147133
0.04946771 0.6912098 -1.936598469535961 -2.05295070427241 -2.565486110389264
0.03271219 0.46263695 -1.8433526557316167 -2.073605284646975 -2.22898410889183
0.01622505 0.23222733 -1.9893899395651693 -2.075358573712577 -2.7351097100485924
0.0 9.536743e-07 -2.017340477380337 -2.076392771008498 -2.9130796534188175

