#CSFRD global redshift CSFRD_unattenuated CSFRD_attenuated disks_CSFRD_unattenuated disks_CSFRD_attenuated starbursts_CSFRD_unattenuated starbursts_CSFRD_attenuated
0.0 -2.336432746115762 -2.039707893116135         -2.3847508597305733 -2.185778091622117                 -3.3140421788373673 -2.5839205641043193
0.1 -2.310149474864194 -2.0084075359706812        -2.357602447476527 -2.1638643976002676                 -3.2951808321215585 -2.5299942613437048
0.2029 -2.281655431707441 -1.9414238426611163     -2.331573634578545 -2.1181723803218846                 -3.245900860558523 -2.4172335169191683
0.25 -2.2590000939598194 -1.9179299795533375      -2.3075324527688883 -2.089361329873444                 -3.2347932298511837 -2.404523788781411
0.3 -2.2465667778557963 -1.9402459180290061       -2.290161829184636 -2.0728661146540595                 -3.266529098099455 -2.5200445472175983
0.4 -2.2077398377744397 -1.887136265589188        -2.2570743773456385 -2.0362612937106044                -3.1768068539840124 -2.423801081515997
0.5 -2.1729423933109984 -1.8175479292003593       -2.2273747296828934 -1.994698235487632                 -3.101801672546244 -2.292558805717387
0.6 -2.1384295927176944 -1.791786119413661        -2.1861732166159964 -1.9541643206892705                -3.1209516645208994 -2.297705098607299
0.7 -2.1091853148902175 -1.7336287436853137       -2.1607194177229427 -1.9084685373224988                -3.0603871910162312 -2.213263800168541
0.76 -2.0855091563963555 -1.717072963291457       -2.136357331646074 -1.8807300138547454                 -3.0421941521982845 -2.2201844643615627
0.8 -2.071727670483364 -1.6902723117860021        -2.1229812159474224 -1.8546038845933197                -3.0251628406533837 -2.191913606828963
0.9139 -2.035490258902665 -1.6362157662881711     -2.0860091624054364 -1.8080476600754667                -2.9948352769396993 -2.1219831597728045
1.0 -2.004265562333871 -1.5953437182990964        -2.056767792956687 -1.7668084849505306                 -2.947858805827156 -2.0818684924203454
1.15 -1.9667939804653083 -1.532914021868236       -2.0188839634506186 -1.7097921892874528                -2.913608775682757 -2.0084657244398016
1.3 -1.9175734499993067 -1.4569999963322822       -1.9759281257622159 -1.651468799118866                 -2.818132783006794 -1.899546502271888
1.5 -1.8397330592594843 -1.3598268778432614       -1.9013673902816637 -1.564338733029137                 -2.7181474507458243 -1.7851432739748825
1.65 -1.7739347856799985 -1.2995044005537946      -1.8381289977313728 -1.5287897582904542                -2.6359250393113745 -1.686522942168082
1.8 -1.7562744032955049 -1.2979448447723991       -1.8204434830831757 -1.5332163044122236                -2.61842246132951 -1.676497974471467
2.0 -1.738409223178194 -1.3041975410725268        -1.8016762663118953 -1.5491221713071686                -2.6062655612914263 -1.6696715653123522
2.26 -1.7161553206352007 -1.298743281800465       -1.782844770211748 -1.579563502038036                  -2.562800611429591 -1.6209696049148912
2.51 -1.6994363723118315 -1.3162435927136842      -1.7663752763087122 -1.6145001943135853                -2.544581729135546 -1.620064807158377
2.76 -1.6889052620067528 -1.3293178992011894      -1.7548798094173588 -1.6628426973210289                -2.5398829107562264 -1.6001160806252752
3.0 -1.6834849633107365 -1.3545733099173636       -1.7487820147461295 -1.7053922900059748                -2.5386152424094393 -1.6109397362058195
3.533 -1.6782059330130534 -1.4240445482091773     -1.7413096697531625 -1.8214738806368125                -2.5471050576926997 -1.64623408256703
4.0 -1.686783389314263 -1.499580051467694         -1.7509550040653759 -1.9321120083328858                -2.548915527407362 -1.6998091870560061
4.5 -1.711446248284774 -1.5769473796411533        -1.7782333984459533 -2.048184047460095                 -2.557503359379439 -1.7560111053172114
5.0 -1.749894045493204 -1.6547658392311273        -1.8220997278989426 -2.1543149276102893                -2.564709732324148 -1.8200630717721582
5.5 -1.799602387418859 -1.738027960632178         -1.8818952390728347 -2.2567853800631275                -2.562521483215962 -1.8947082463787597
6.0 -1.8573185981581577 -1.8289804754201326       -1.9524479151925132 -2.3686737227456742                -2.5634853092125645 -1.9768708442167173
6.5 -1.929083607804524 -1.909790628845355         -2.043597762300327 -2.490001426937335                  -2.5640084315321925 -2.042263723947392
7.0 -1.996094708687127 -1.978380851538527         -2.1278179823893257 -2.5915720712082417                -2.5784147404160342 -2.0996716884885505
8.0 -2.172195198046341 -2.1577889118406888        -2.3452596972087734 -2.830165937759276                 -2.655434001092392 -2.2616096256973637
9.0 -2.4205788701727293 -2.4124361181507785       -2.6482547044905775 -3.1497099542505893                -2.8099222750092365 -2.5002756994293756
10.0 -2.6858648773766247 -2.7187444489539496      -2.9522385975970855 -3.4566406868344655                -3.02455839438779 -2.806444632500745
10.5 -2.816220102473916 -2.862031294741909        -3.0997506042303002 -3.603806986569906                 -3.1354844311984116 -2.948868093288307
11.0 -2.957866893558697 -3.0215192588335515       -3.259738293274637 -3.771232518018568                  -3.258057112159028 -3.1066185895669545
11.5 -3.193166946787157 -3.2828748838175366       -3.530680559800843 -4.037618699810252                  -3.4605420900418125 -3.3668929087978356
12.0 -3.3871643012856336 -3.4723304581145227      -3.72843798902929 -4.235840734492541                   -3.6513655578658786 -3.5545000740107833
12.5 -3.571986831688552 -3.6772869228204446       -3.954221176635182 -4.450048076267546                  -3.8046307123254106 -3.757554262684143
13.13 -3.7963673925572308 -3.9294320281258694     -4.181916889491595 -4.683903698927419                  -4.026677337061958 -4.013508161651998
13.5 -3.9124674718027452 -4.058557480668812       -4.310482417123873 -4.809550905068511                  -4.134266270835505 -4.14338019759507
14.0 -4.14584616415722 -4.3373987359398445        -4.576704246813099 -5.111941414346068                  -4.347058741924457 -4.417305308439318
14.5 -4.435059447775919 -4.614786635278987        -4.877169920102995 -5.371947249647399                  -4.62977473161263 -4.698290557761441
15.0 -4.748339907868364 -4.935585861393413        -5.194571633521759 -5.665508576675045                  -4.9407409033663185 -5.025090511994553
