#Median relation for mass bin 9.375
0.25 -3.86480473525383  9.375
0.75 -3.6090380856268913 9.375
1.29 -3.3459804303348935 9.375
1.79 -3.182417429862516 9.375
2.25 -3.125247500488705 9.375
2.75 -3.1071575448946467 9.375
3.53 -3.1079862484299645 9.375
4.0 -3.0923020442803475 9.375
4.5 -3.051129871655036 9.375
5.0 -2.9707048422592206 9.375
5.5 -2.9256520538079918 9.375
6.0 -2.842883801359462 9.375
6.5 -2.77309902960562 9.375
7.0 -2.7106715344255257 9.375
8.0 -2.7152356472744055 9.375
9.0 -2.6371916328494525 9.375
#Median relation for mass bin 10.375
0.25 -2.865806037457376 10.375
0.75 -2.7995444464094867 10.375
1.29 -2.6862637354836476 10.375
1.79 -2.6403610988469945 10.375
2.25 -2.630473534005696 10.375
2.75 -2.633138018450816 10.375
3.53 -2.6687271093109795 10.375
4.0 -2.7358214459954526 10.375
4.5 -2.6975704625323753 10.375
5.0 -2.635072132981814 10.375
5.5 -2.67758087111453 10.375
#Median relation for mass bin 10.875
0.25 -3.03428247496935 10.875
0.75 -2.878676478655848 10.875
1.29 -2.706593477756547 10.875
1.79 -2.6685378523384173 10.875
2.25 -2.676035582135136 10.875
2.75 -2.707818666555235 10.875
3.53 -2.6647004914775625 10.875
