#SMF all galaxies from z=0, 10
#log10(Mstar/Msun) phi phi_err redshift
#SMF all galaxies from z=0, 10
5.0625 -1.1085605804436283 -1.1265128073945332 0.0
5.1875 -1.0570507609938617 -1.0851810858302462 0.0
5.3125 -1.0290220373936183 -1.050622253378585 0.0
5.4375 -0.9799379666543511 -1.0028612018209984 0.0
5.5625 -0.9747063947587274 -0.9791412420098743 0.0
5.6875 -0.9599883906848556 -0.9773935757403542 0.0
5.8125 -0.9522881998925985 -0.9718791512570495 0.0
5.9375 -0.9670527424021355 -0.9692257715056846 0.0
6.0625 -0.9568011724240529 -0.9743913461544846 0.0
6.1875 -0.9664338687927375 -0.9919036496970846 0.0
6.3125 -1.0053905885974999 -1.0108363587846205 0.0
6.4375 -1.0442875154187388 -1.0279519067119525 0.0
6.5625 -1.048562650768343 -1.0721682933585828 0.0
6.6875 -1.0649315144152853 -1.1062078343295945 0.0
6.8125 -1.1454726637763994 -1.141984335930578 0.0
6.9375 -1.194615975542921 -1.1817355984532152 0.0
7.0625 -1.2249341902351096 -1.2144086812394674 0.0
7.1875 -1.2940827903797885 -1.2924420839255613 0.0
7.3125 -1.3486596826322779 -1.3275591509580302 0.0
7.4375 -1.400885286474695 -1.3888610912488655 0.0
7.5625 -1.4469698940006739 -1.42243209016218 0.0
7.6875 -1.4959075156182418 -1.4680423372964904 0.0
7.8125 -1.5612873962181413 -1.5279312299433587 0.0
7.9375 -1.5987443080025325 -1.5869705437703387 0.0
8.0625 -1.636111135991576 -1.6218940078177355 0.0
8.1875 -1.6606372722832967 -1.6777929652895784 0.0
8.3125 -1.780508337833584 -1.7023359063671042 0.0
8.4375 -1.7579297551372117 -1.7484676274394348 0.0
8.5625 -1.8397977630666547 -1.843276776185628 0.0
8.6875 -1.8659823459685279 -1.8771665129210415 0.0
8.8125 -1.9335429794920107 -1.8771665129210415 0.0
8.9375 -1.9208310139758729 -1.913926345776564 0.0
9.0625 -1.972505838929867 -1.9571037112603233 0.0
9.1875 -2.096922273031554 -1.9510926190084084 0.0
9.3125 -2.0311702420138844 -2.116132531584609 0.0
9.4375 -2.0628030898829532 -2.116132531584609 0.0
9.5625 -2.086606004555578 -2.116132531584609 0.0
9.6875 -2.152534518263886 -2.129428298986542 0.0
9.8125 -2.2596495705292536 -2.221861009639854 0.0
9.9375 -2.307775638346447 -2.3111818870383587 0.0
10.0625 -2.361907164510896 -2.301042255687479 0.0
10.1875 -2.432714374954747 -2.335804361946691 0.0
10.3125 -2.385601830309106 -2.480487156750748 0.0
10.4375 -2.522891005303835 -2.4754663553756973 0.0
10.5625 -2.511895621002372 -2.5698875679800586 0.0
10.6875 -2.6088056340104284 -2.6088056340104284 0.0
10.8125 -2.80220175127458 -2.7522277763127416 0.0
10.9375 -3.053257771976723 -3.0927663132603964 0.0
11.0625 -3.210865625338391 -2.983621843835328 0.0
11.1875 -3.3735929228360906 -3.0927663132603964 0.0
11.3125 -3.335804361946691 -3.1597131028910095 0.0
11.4375 -3.7160156036582968 -3.8129256166663534 0.0
11.5625 -3.8129256166663534 -4.113955612330335 0.0
11.6875 -4.414985607994316 -4.113955612330335 0.0
11.8125 -3.9378643532746533 -4.113955612330335 0.0
11.9375 0.0 -4.414985607994316 0.0
12.0625 0.0 -4.414985607994316 0.0
12.1875 0.0 0.0 0.0
12.3125 0.0 0.0 0.0
12.4375 0.0 0.0 0.0
12.5625 0.0 0.0 0.0
12.6875 0.0 0.0 0.0
12.8125 0.0 0.0 0.0
12.9375 0.0 0.0 0.0
13.0625 0.0 0.0 0.0
13.1875 0.0 0.0 0.0
13.3125 0.0 0.0 0.0
13.4375 0.0 0.0 0.0
13.5625 0.0 0.0 0.0
13.6875 0.0 0.0 0.0
13.8125 0.0 0.0 0.0
13.9375 0.0 0.0 0.0
14.0625 0.0 0.0 0.0
14.1875 0.0 0.0 0.0
14.3125 0.0 0.0 0.0
14.4375 0.0 0.0 0.0
14.5625 0.0 0.0 0.0
14.6875 0.0 0.0 0.0
14.8125 0.0 0.0 0.0
14.9375 0.0 0.0 0.0
5.0625 -1.094423927799079 -1.1170063638349532 0.1
5.1875 -1.0418896209155886 -1.0743432304336102 0.1
5.3125 -1.0098100617763264 -1.0146203346443767 0.1
5.4375 -0.9650446192209781 -0.996187317403962 0.1
5.5625 -0.9569524154978096 -0.970628482338288 0.1
5.6875 -0.9369966317434263 -0.9524378791916515 0.1
5.8125 -0.9305434003519086 -0.9388788911541242 0.1
5.9375 -0.9398958046053091 -0.9479697895558801 0.1
6.0625 -0.938153979482055 -0.9635062028694538 0.1
6.1875 -0.941936802905778 -0.9630457386292126 0.1
6.3125 -0.9750216720734107 -0.9948647599086127 0.1
6.4375 -1.0163512834559234 -1.0165247583860924 0.1
6.5625 -1.0254651421479382 -1.0472570619073391 0.1
6.6875 -1.0466987230921847 -1.0684370494458417 0.1
6.8125 -1.1305548741497962 -1.1202989837148725 0.1
6.9375 -1.1769395048655202 -1.1541989393393393 0.1
7.0625 -1.210594276075016 -1.200671710569916 0.1
7.1875 -1.2885294945625112 -1.2670002873105104 0.1
7.3125 -1.339803753375624 -1.3074364782496293 0.1
7.4375 -1.3843858860283644 -1.3831733366639454 0.1
7.5625 -1.4309085740914849 -1.42243209016218 0.1
7.6875 -1.4891580333695733 -1.5129827166435863 0.1
7.8125 -1.5347438320988354 -1.4850560479097277 0.1
7.9375 -1.5824766952880793 -1.558256717611433 0.1
8.0625 -1.6177180671635991 -1.5961001934003058 0.1
8.1875 -1.6809863214559286 -1.6508094756039848 0.1
8.3125 -1.7588874059814836 -1.7006558482490826 0.1
8.4375 -1.7865966779440041 -1.7979852668734166 0.1
8.5625 -1.8118412353741333 -1.8183885123678554 0.1
8.6875 -1.87091756364404 -1.85627703746115 0.1
8.8125 -1.9364191124004722 -1.9071297362984847 0.1
8.9375 -1.9236239141600429 -1.912558488009883 0.1
9.0625 -1.9884743466297403 -1.943693896935377 0.1
9.1875 -2.070593334309205 -2.017045599322278 0.1
9.3125 -2.017045599322278 -2.058959750801193 0.1
9.4375 -2.0628030898829532 -2.090703152696623 0.1
9.5625 -2.08254714807871 -2.140827758730636 0.1
9.6875 -2.1621325770144226 -2.1362320070414866 0.1
9.8125 -2.275106521593079 -2.2506327522098784 0.1
9.9375 -2.301042255687479 -2.278265040837909 0.1
10.0625 -2.354287767640704 -2.361907164510896 0.1
10.1875 -2.4959075156182418 -2.335804361946691 0.1
10.3125 -2.3937963089243777 -2.4282138737280707 0.1
10.4375 -2.511895621002372 -2.480487156750748 0.1
10.5625 -2.501171755610599 -2.5954416724524467 0.1
10.6875 -2.6825918481713473 -2.761773094218972 0.1
10.8125 -2.8352020113775054 -2.7337443706187283 0.1
10.9375 -3.053257771976723 -2.8586831072270282 0.1
11.0625 -3.210865625338391 -3.0725629271721093 0.1
11.1875 -3.3735929228360906 -3.1139556123303342 0.1
11.3125 -3.4149856079943155 -3.636834357610672 0.1
11.4375 -3.7160156036582968 -3.511895621002372 0.1
11.5625 -3.8129256166663534 -3.511895621002372 0.1
11.6875 -4.414985607994316 -4.414985607994316 0.1
11.8125 -4.113955612330335 0.0 0.1
11.9375 0.0 -3.9378643532746533 0.1
12.0625 0.0 -4.414985607994316 0.1
12.1875 0.0 0.0 0.1
12.3125 0.0 0.0 0.1
12.4375 0.0 0.0 0.1
12.5625 0.0 0.0 0.1
12.6875 0.0 0.0 0.1
12.8125 0.0 0.0 0.1
12.9375 0.0 0.0 0.1
13.0625 0.0 0.0 0.1
13.1875 0.0 0.0 0.1
13.3125 0.0 0.0 0.1
13.4375 0.0 0.0 0.1
13.5625 0.0 0.0 0.1
13.6875 0.0 0.0 0.1
13.8125 0.0 0.0 0.1
13.9375 0.0 0.0 0.1
14.0625 0.0 0.0 0.1
14.1875 0.0 0.0 0.1
14.3125 0.0 0.0 0.1
14.4375 0.0 0.0 0.1
14.5625 0.0 0.0 0.1
14.6875 0.0 0.0 0.1
14.8125 0.0 0.0 0.1
14.9375 0.0 0.0 0.1
5.0625 -1.0302738650560332 -1.0511856625152063 0.5
5.1875 -0.9828183385517274 -0.9833002633083039 0.5
5.3125 -0.9438406428336826 -0.926293909677375 0.5
5.4375 -0.8929328071254932 -0.9233438145167295 0.5
5.5625 -0.8745309943229036 -0.9019012475291714 0.5
5.6875 -0.8555578082348257 -0.873656030327622 0.5
5.8125 -0.8424625101446781 -0.87290746165869 0.5
5.9375 -0.8483124703881991 -0.8664733516532801 0.5
6.0625 -0.842695001842898 -0.8690602786384729 0.5
6.1875 -0.8497282645741019 -0.8815948999767642 0.5
6.3125 -0.8734063640477348 -0.8916294013395228 0.5
6.4375 -0.940332354632253 -0.9298322580906633 0.5
6.5625 -0.9525876100953595 -0.9686037957718735 0.5
6.6875 -0.996021777290693 -1.0052215037279695 0.5
6.8125 -1.0703968654156018 -1.0574318882512341 0.5
6.9375 -1.1194185080318366 -1.0813368514796147 0.5
7.0625 -1.1551529089308321 -1.1714515061622537 0.5
7.1875 -1.2420909102421396 -1.2171539146654127 0.5
7.3125 -1.2953998330325318 -1.266074614884959 0.5
7.4375 -1.3289819023759337 -1.3135822574389848 0.5
7.5625 -1.3831733366639454 -1.3759682859969038 0.5
7.6875 -1.4368050910569017 -1.385601830309106 0.5
7.8125 -1.4985316594443905 -1.4729775549720023 0.5
7.9375 -1.5228910053038351 -1.5457538882633395 0.5
8.0625 -1.60207225135146 -1.60207225135146 0.5
8.1875 -1.6433981271130602 -1.605425893359048 0.5
8.3125 -1.800088391961181 -1.682591848171347 0.5
8.4375 -1.7392072663202305 -1.7494046169763626 0.5
8.5625 -1.800088391961181 -1.8397977630666547 0.5
8.6875 -1.874656133203442 -1.8659823459685279 0.5
8.8125 -1.9222252189674782 -1.87091756364404 0.5
8.9375 -1.9647364996749546 -1.916675054204715 0.5
9.0625 -2.0016858439130636 -1.9901039713632487 0.5
9.1875 -2.0311702420138844 -2.0240505008909366 0.5
9.3125 -2.0275957816555863 -2.0118650868184975 0.5
9.4375 -2.0745414931541974 -2.0608771688469147 0.5
9.5625 -2.154914220009241 -2.181989497602162 0.5
9.6875 -2.2302941771767166 -2.213588483673864 0.5
9.8125 -2.2719708077402205 -2.2536176057593407 0.5
9.9375 -2.346799746248154 -2.3896797427295455 0.5
10.0625 -2.361907164510896 -2.365767585324134 0.5
10.1875 -2.3896797427295455 -2.455944215673222 0.5
10.3125 -2.485566682280023 -2.419350413396766 0.5
10.4375 -2.5761365172570603 -2.485566682280023 0.5
10.5625 -2.5698875679800586 -2.636834357610672 0.5
10.6875 -2.80220175127458 -2.8129256166663534 0.5
10.8125 -2.923623914160043 -2.791736317596415 0.5
10.9375 -3.1597131028910095 -2.983621843835328 0.5
11.0625 -3.301042255687479 -3.1362320070414866 0.5
11.1875 -3.3735929228360906 -3.2688575723160778 0.5
11.3125 -3.636834357610672 -3.4149856079943155 0.5
11.4375 -3.5698875679800586 -3.5698875679800586 0.5
11.5625 -4.113955612330335 -3.8129256166663534 0.5
11.6875 0.0 -4.113955612330335 0.5
11.8125 0.0 -4.414985607994316 0.5
11.9375 0.0 -4.113955612330335 0.5
12.0625 0.0 -4.414985607994316 0.5
12.1875 0.0 0.0 0.5
12.3125 0.0 0.0 0.5
12.4375 0.0 0.0 0.5
12.5625 0.0 0.0 0.5
12.6875 0.0 0.0 0.5
12.8125 0.0 0.0 0.5
12.9375 0.0 0.0 0.5
13.0625 0.0 0.0 0.5
13.1875 0.0 0.0 0.5
13.3125 0.0 0.0 0.5
13.4375 0.0 0.0 0.5
13.5625 0.0 0.0 0.5
13.6875 0.0 0.0 0.5
13.8125 0.0 0.0 0.5
13.9375 0.0 0.0 0.5
14.0625 0.0 0.0 0.5
14.1875 0.0 0.0 0.5
14.3125 0.0 0.0 0.5
14.4375 0.0 0.0 0.5
14.5625 0.0 0.0 0.5
14.6875 0.0 0.0 0.5
14.8125 0.0 0.0 0.5
14.9375 0.0 0.0 0.5
5.0625 -0.952138572162642 -0.9628923589765842 1.0
5.1875 -0.8914992756510877 -0.8929328071254932 1.0
5.3125 -0.8387594705447107 -0.8550789829582031 1.0
5.4375 -0.7856779679205668 -0.817400106242111 1.0
5.5625 -0.7668208294203145 -0.7771957786320866 1.0
5.6875 -0.7331114858656688 -0.7718291423746094 1.0
5.8125 -0.706224884303999 -0.7580254252514664 1.0
5.9375 -0.7162762585517288 -0.7518502930365614 1.0
6.0625 -0.7445541986337101 -0.7661378996214221 1.0
6.1875 -0.7770957914135251 -0.7906003665740505 1.0
6.3125 -0.8189386004488766 -0.8205930576188889 1.0
6.4375 -0.8677033000310124 -0.8546006850223001 1.0
6.5625 -0.8966032924489717 -0.8976577256999421 1.0
6.6875 -0.9434005538091259 -0.9414986379297473 1.0
6.8125 -1.0153118865132775 -0.992724157180713 1.0
6.9375 -1.0572412828139401 -1.0515616750771393 1.0
7.0625 -1.1163508248698801 -1.1032317469385613 1.0
7.1875 -1.1860722019996275 -1.1415213353729694 1.0
7.3125 -1.238315675326166 -1.2116806918558327 1.0
7.4375 -1.2456051126823662 -1.2663829531882222 1.0
7.5625 -1.3509021720307197 -1.3132385340479493 1.0
7.6875 -1.4051099742821556 -1.363061691948209 1.0
7.8125 -1.4427827696152513 -1.449313636774209 1.0
7.9375 -1.5195630619549076 -1.5043612031051143 1.0
8.0625 -1.5422467805216469 -1.56189607814245 1.0
8.1875 -1.6621691768060443 -1.6239971329054999 1.0
8.3125 -1.7116942298756543 -1.669910816412258 1.0
8.4375 -1.7637075939961715 -1.698147884694791 1.0
8.5625 -1.777495878481805 -1.8096805618532061 1.0
8.6875 -1.8991117642826365 -1.8151025359206279 1.0
8.8125 -1.9180559599211007 -1.875909509201539 1.0
8.9375 -1.9740765259290978 -1.925027128569481 1.0
9.0625 -1.9966843166745702 -2.0135850672127718 1.0
9.1875 -2.042073605024209 -2.076529114389711 1.0
9.3125 -2.08254714807871 -2.0927663132603964 1.0
9.4375 -2.150167784984779 -2.1645656056854214 1.0
9.5625 -2.301042255687479 -2.154914220009241 1.0
9.6875 -2.2388943489386346 -2.281446699624098 1.0
9.8125 -2.307775638346447 -2.2506327522098784 1.0
9.9375 -2.3696626292076584 -2.307775638346447 1.0
10.0625 -2.381561852507366 -2.419350413396766 1.0
10.1875 -2.5457538882633393 -2.5284948828218337 1.0
10.3125 -2.557653111563047 -2.490706321932434 1.0
10.4375 -2.636834357610672 -2.80220175127458 1.0
10.5625 -2.7815171524147293 -2.761773094218972 1.0
10.6875 -2.923623914160043 -2.8467838839273205 1.0
10.8125 -2.9378643532746533 -2.896471668116428 1.0
10.9375 -3.4149856079943155 -3.0927663132603964 1.0
11.0625 -3.4149856079943155 -3.210865625338391 1.0
11.1875 -3.7160156036582968 -3.335804361946691 1.0
11.3125 -3.7160156036582968 -3.7160156036582968 1.0
11.4375 -3.9378643532746533 -4.414985607994316 1.0
11.5625 -4.414985607994316 -3.9378643532746533 1.0
11.6875 0.0 -4.113955612330335 1.0
11.8125 0.0 0.0 1.0
11.9375 0.0 0.0 1.0
12.0625 0.0 0.0 1.0
12.1875 0.0 0.0 1.0
12.3125 0.0 0.0 1.0
12.4375 0.0 0.0 1.0
12.5625 0.0 0.0 1.0
12.6875 0.0 0.0 1.0
12.8125 0.0 0.0 1.0
12.9375 0.0 0.0 1.0
13.0625 0.0 0.0 1.0
13.1875 0.0 0.0 1.0
13.3125 0.0 0.0 1.0
13.4375 0.0 0.0 1.0
13.5625 0.0 0.0 1.0
13.6875 0.0 0.0 1.0
13.8125 0.0 0.0 1.0
13.9375 0.0 0.0 1.0
14.0625 0.0 0.0 1.0
14.1875 0.0 0.0 1.0
14.3125 0.0 0.0 1.0
14.4375 0.0 0.0 1.0
14.5625 0.0 0.0 1.0
14.6875 0.0 0.0 1.0
14.8125 0.0 0.0 1.0
14.9375 0.0 0.0 1.0
5.0625 -0.719679085562513 -0.7303197439684548 2.0
5.1875 -0.6153005170852152 -0.6677292105521713 2.0
5.3125 -0.5597088041642239 -0.617164296630292 2.0
5.4375 -0.5384213940104701 -0.612348689911505 2.0
5.5625 -0.5389988365658276 -0.5937997253854702 2.0
5.6875 -0.578534894274161 -0.5945214174166316 2.0
5.8125 -0.6056279377832099 -0.6202188100534946 2.0
5.9375 -0.6352448568175751 -0.6453129439388231 2.0
6.0625 -0.6788282327211835 -0.666952713864172 2.0
6.1875 -0.7200296057444975 -0.7080972130126979 2.0
6.3125 -0.7583125621094655 -0.7536462679882757 2.0
6.4375 -0.8057114355897281 -0.7987202027126075 2.0
6.5625 -0.8487838891394026 -0.8447930468985897 2.0
6.6875 -0.8962085390675408 -0.8971301890642869 2.0
6.8125 -0.95770942193299 -0.9451635920161526 2.0
6.9375 -1.0099809429439461 -0.9980124353912794 2.0
7.0625 -1.0580042070011844 -1.0411544629204852 2.0
7.1875 -1.1207398918561975 -1.0940089306514922 2.0
7.3125 -1.1601959205971057 -1.1551529089308321 2.0
7.4375 -1.2188094229543422 -1.2283117404945705 2.0
7.5625 -1.309816179994984 -1.2587394175969713 2.0
7.6875 -1.3588433459352633 -1.3332783378969664 2.0
7.8125 -1.4336200989157712 -1.401726942710799 2.0
7.9375 -1.4754663553756973 -1.4455696956403343 2.0
8.0625 -1.5698875679800588 -1.5284948828218339 2.0
8.1875 -1.626817236853148 -1.6156450585407338 2.0
8.3125 -1.6890739756992674 -1.6691304128205866 2.0
8.4375 -1.7695633386452236 -1.7541201299904465 2.0
8.5625 -1.8272746429754043 -1.7990355563379146 2.0
8.6875 -1.8912391411827512 -1.8860689077166608 2.0
8.8125 -1.9496027565458973 -1.912558488009883 2.0
8.9375 -2.0222886547346497 -2.0101518913743774 2.0
9.0625 -2.1339522407465883 -2.08254714807871 2.0
9.1875 -2.1694729401801656 -2.1454726637763994 2.0
9.3125 -2.3111818870383587 -2.181989497602162 2.0
9.4375 -2.339438646601785 -2.2360086607011462 2.0
9.5625 -2.3322002376778657 -2.385601830309106 2.0
9.6875 -2.4149856079943155 -2.3735929228360906 2.0
9.8125 -2.5284948828218337 -2.5637272592752405 2.0
9.9375 -2.557653111563047 -2.5761365172570603 2.0
10.0625 -2.651557614431378 -2.6591107523218245 2.0
10.1875 -2.651557614431378 -2.6989822643595165 2.0
10.3125 -2.983621843835328 -2.724789527965802 2.0
10.4375 -2.8467838839273205 -2.87091756364404 2.0
10.5625 -3.0927663132603964 -3.017045599322278 2.0
10.6875 -3.1597131028910095 -3.2688575723160778 2.0
10.8125 -3.636834357610672 -3.335804361946691 2.0
10.9375 -3.8129256166663534 -3.335804361946691 2.0
11.0625 0.0 -3.9378643532746533 2.0
11.1875 -4.113955612330335 -3.7160156036582968 2.0
11.3125 0.0 -4.414985607994316 2.0
11.4375 0.0 0.0 2.0
11.5625 0.0 0.0 2.0
11.6875 0.0 0.0 2.0
11.8125 0.0 -4.414985607994316 2.0
11.9375 0.0 0.0 2.0
12.0625 0.0 0.0 2.0
12.1875 0.0 0.0 2.0
12.3125 0.0 0.0 2.0
12.4375 0.0 0.0 2.0
12.5625 0.0 0.0 2.0
12.6875 0.0 0.0 2.0
12.8125 0.0 0.0 2.0
12.9375 0.0 0.0 2.0
13.0625 0.0 0.0 2.0
13.1875 0.0 0.0 2.0
13.3125 0.0 0.0 2.0
13.4375 0.0 0.0 2.0
13.5625 0.0 0.0 2.0
13.6875 0.0 0.0 2.0
13.8125 0.0 0.0 2.0
13.9375 0.0 0.0 2.0
14.0625 0.0 0.0 2.0
14.1875 0.0 0.0 2.0
14.3125 0.0 0.0 2.0
14.4375 0.0 0.0 2.0
14.5625 0.0 0.0 2.0
14.6875 0.0 0.0 2.0
14.8125 0.0 0.0 2.0
14.9375 0.0 0.0 2.0
5.0625 -0.5625666150573143 -0.5918375481836217 3.0
5.1875 -0.5354883207448871 -0.5611049578697733 3.0
5.3125 -0.5246763910943671 -0.5645844599971572 3.0
5.4375 -0.5272558107062852 -0.5622616972031096 3.0
5.5625 -0.5376142621245416 -0.5715036649543579 3.0
5.6875 -0.5501779789681686 -0.5760106530388476 3.0
5.8125 -0.5964298286965131 -0.5969577661350594 3.0
5.9375 -0.6210556012216311 -0.6332302333418467 3.0
6.0625 -0.6684292465839464 -0.6590345669901837 3.0
6.1875 -0.7005720157071944 -0.7031783789531246 3.0
6.3125 -0.7574517204363294 -0.7499677825818429 3.0
6.4375 -0.8049645833301704 -0.7909098768486329 3.0
6.5625 -0.851504522599905 -0.8408385438435928 3.0
6.6875 -0.9053799033827595 -0.8960770343029014 3.0
6.8125 -0.9693814047207181 -0.9469338165400779 3.0
6.9375 -1.0299158316623809 -1.0064064825856482 3.0
7.0625 -1.071380099890144 -1.0709865389371542 3.0
7.1875 -1.139904709537457 -1.126066002332589 3.0
7.3125 -1.191749334891318 -1.1684870271985148 3.0
7.4375 -1.254517076875278 -1.2515260562243256 3.0
7.5625 -1.3304093300599846 -1.3010422556874788 3.0
7.6875 -1.3771608574059737 -1.359989746465174 3.0
7.8125 -1.4530901343264653 -1.4237595323018208 3.0
7.9375 -1.5157124206767119 -1.4881288990446233 3.0
8.0625 -1.5805649043127832 -1.5767663860866898 3.0
8.1875 -1.706564707859603 -1.6515576144313784 3.0
8.3125 -1.7428877500585982 -1.719503931504118 3.0
8.4375 -1.8261538824001085 -1.7705470185264771 3.0
8.5625 -1.8860689077166608 -1.8784271654227855 3.0
8.6875 -2.0384086509378037 -1.9756529141640529 3.0
8.8125 -2.1205193818327226 -2.0222886547346497 3.0
8.9375 -2.1948775199542605 -2.1385238038210717 3.0
9.0625 -2.2688575723160778 -2.2054705934516847 3.0
9.1875 -2.365767585324134 -2.2911339670272297 3.0
9.3125 -2.441857754394617 -2.4282138737280707 3.0
9.4375 -2.534172015713524 -2.501171755610599 3.0
9.5625 -2.6989822643595165 -2.5399243446026154 3.0
9.6875 -2.6825918481713473 -2.6225939184960616 3.0
9.8125 -2.791736317596415 -2.7815171524147293 3.0
9.9375 -2.9678275766520965 -2.983621843835328 3.0
10.0625 -2.9525876100953594 -2.8835066909520606 3.0
10.1875 -2.923623914160043 -3.0725629271721093 3.0
10.3125 -3.238894348938634 -3.0725629271721093 3.0
10.4375 -3.4149856079943155 -3.511895621002372 3.0
10.5625 -4.113955612330335 -3.511895621002372 3.0
10.6875 -4.414985607994316 -3.9378643532746533 3.0
10.8125 0.0 -4.414985607994316 3.0
10.9375 0.0 -4.414985607994316 3.0
11.0625 0.0 -4.414985607994316 3.0
11.1875 0.0 0.0 3.0
11.3125 0.0 0.0 3.0
11.4375 0.0 0.0 3.0
11.5625 0.0 0.0 3.0
11.6875 0.0 0.0 3.0
11.8125 0.0 0.0 3.0
11.9375 0.0 0.0 3.0
12.0625 0.0 0.0 3.0
12.1875 0.0 0.0 3.0
12.3125 0.0 0.0 3.0
12.4375 0.0 0.0 3.0
12.5625 0.0 0.0 3.0
12.6875 0.0 0.0 3.0
12.8125 0.0 0.0 3.0
12.9375 0.0 0.0 3.0
13.0625 0.0 0.0 3.0
13.1875 0.0 0.0 3.0
13.3125 0.0 0.0 3.0
13.4375 0.0 0.0 3.0
13.5625 0.0 0.0 3.0
13.6875 0.0 0.0 3.0
13.8125 0.0 0.0 3.0
13.9375 0.0 0.0 3.0
14.0625 0.0 0.0 3.0
14.1875 0.0 0.0 3.0
14.3125 0.0 0.0 3.0
14.4375 0.0 0.0 3.0
14.5625 0.0 0.0 3.0
14.6875 0.0 0.0 3.0
14.8125 0.0 0.0 3.0
14.9375 0.0 0.0 3.0
5.0625 -0.6348123643517214 -0.6588060911505065 4.0
5.1875 -0.5986780085623757 -0.6336611523273279 4.0
5.3125 -0.5750678323156346 -0.6202188100534946 4.0
5.4375 -0.5753190511118822 -0.6019386428342077 4.0
5.5625 -0.5841404156857042 -0.6058300762471351 4.0
5.6875 -0.599806477854897 -0.6179259132943447 4.0
5.8125 -0.6228741989071472 -0.6466435493497823 4.0
5.9375 -0.6598733415992444 -0.6750179112348063 4.0
6.0625 -0.69714874050739 -0.7075005960268421 4.0
6.1875 -0.7416881682346799 -0.7336539020251498 4.0
6.3125 -0.7831361458344976 -0.7877221914260946 4.0
6.4375 -0.8484302771112606 -0.8281733385509398 4.0
6.5625 -0.8985824595469125 -0.88800053943432 4.0
6.6875 -0.9618202154684584 -0.9361306404656526 4.0
6.8125 -1.017045599322278 -1.0040397493065412 4.0
6.9375 -1.0833558903643834 -1.0612616704053666 4.0
7.0625 -1.149931819490301 -1.1280802550219406 4.0
7.1875 -1.2263383119945983 -1.2052025931458006 4.0
7.3125 -1.2852957157950147 -1.2716584780022693 4.0
7.4375 -1.357699963576101 -1.3122089931108742 4.0
7.5625 -1.4215493774967038 -1.4089476529969984 4.0
7.6875 -1.5091897276264472 -1.480487156750748 4.0
7.8125 -1.5686484958645104 -1.5234481503217512 4.0
7.9375 -1.645608281918177 -1.6007380122623955 4.0
8.0625 -1.7160156036582968 -1.6898910869128465 4.0
8.1875 -1.7569742113372033 -1.6964839191270413 4.0
8.3125 -1.8467838839273205 -1.8118412353741333 4.0
8.4375 -1.9601407479858053 -1.9740765259290978 4.0
8.5625 -2.057050760993862 -2.0402372619842115 4.0
8.6875 -2.192269136846732 -2.157307033125131 4.0
8.8125 -2.3215639228320804 -2.216328521039893 4.0
8.9375 -2.441857754394617 -2.301042255687479 4.0
9.0625 -2.437262002705468 -2.506500589115666 4.0
9.1875 -2.6591107523218245 -2.5284948828218337 4.0
9.3125 -2.8835066909520606 -2.7160156036582968 4.0
9.4375 -2.9378643532746533 -2.742887750058598 4.0
9.5625 -2.9678275766520965 -2.87091756364404 4.0
9.6875 -3.184536686616042 -3.017045599322278 4.0
9.8125 -3.184536686616042 -3.1139556123303342 4.0
9.9375 -3.1597131028910095 -3.3735929228360906 4.0
10.0625 -3.8129256166663534 -3.4607430985549907 4.0
10.1875 -3.511895621002372 -3.3735929228360906 4.0
10.3125 -3.7160156036582968 -4.113955612330335 4.0
10.4375 0.0 -3.7160156036582968 4.0
10.5625 0.0 -4.414985607994316 4.0
10.6875 0.0 -4.414985607994316 4.0
10.8125 0.0 0.0 4.0
10.9375 0.0 0.0 4.0
11.0625 0.0 0.0 4.0
11.1875 0.0 0.0 4.0
11.3125 0.0 0.0 4.0
11.4375 0.0 0.0 4.0
11.5625 0.0 0.0 4.0
11.6875 0.0 0.0 4.0
11.8125 0.0 0.0 4.0
11.9375 0.0 0.0 4.0
12.0625 0.0 0.0 4.0
12.1875 0.0 0.0 4.0
12.3125 0.0 0.0 4.0
12.4375 0.0 0.0 4.0
12.5625 0.0 0.0 4.0
12.6875 0.0 0.0 4.0
12.8125 0.0 0.0 4.0
12.9375 0.0 0.0 4.0
13.0625 0.0 0.0 4.0
13.1875 0.0 0.0 4.0
13.3125 0.0 0.0 4.0
13.4375 0.0 0.0 4.0
13.5625 0.0 0.0 4.0
13.6875 0.0 0.0 4.0
13.8125 0.0 0.0 4.0
13.9375 0.0 0.0 4.0
14.0625 0.0 0.0 4.0
14.1875 0.0 0.0 4.0
14.3125 0.0 0.0 4.0
14.4375 0.0 0.0 4.0
14.5625 0.0 0.0 4.0
14.6875 0.0 0.0 4.0
14.8125 0.0 0.0 4.0
14.9375 0.0 0.0 4.0
5.0625 -0.7354668642985263 -0.7682878766949811 5.0
5.1875 -0.6853349396583954 -0.7236388438594938 5.0
5.3125 -0.6706926248716394 -0.7065647078596029 5.0
5.4375 -0.6620157429652315 -0.6904639808757529 5.0
5.5625 -0.6719464531893824 -0.6953229249762689 5.0
5.6875 -0.6749388839428216 -0.7129861331046788 5.0
5.8125 -0.7030097536425599 -0.7229322429602348 5.0
5.9375 -0.7368315699838783 -0.7423336851543132 5.0
6.0625 -0.7692686686247118 -0.787927143993326 5.0
6.1875 -0.8211459469130443 -0.8143393723319212 5.0
6.3125 -0.8694311007602507 -0.8681962563630576 5.0
6.4375 -0.9202745827890529 -0.9151611121547358 5.0
6.5625 -0.9933816811244846 -0.9734475692921548 5.0
6.6875 -1.0491233925917607 -1.0240505008909364 5.0
6.8125 -1.1220653083943095 -1.1107105575171874 5.0
6.9375 -1.2049347581191785 -1.1714515061622537 5.0
7.0625 -1.2494445312719427 -1.2235345935294202 5.0
7.1875 -1.346799746248154 -1.309816179994984 5.0
7.3125 -1.408519565745084 -1.3967012995677848 5.0
7.4375 -1.5157124206767119 -1.4754663553756973 5.0
7.5625 -1.5661809069425119 -1.5318922494186258 5.0
7.6875 -1.682591848171347 -1.620497561335146 5.0
7.8125 -1.7328405316204838 -1.683396842807577 5.0
7.9375 -1.8611025813504412 -1.8043254449044357 5.0
8.0625 -1.8526927435378409 -1.8306543836267848 5.0
8.1875 -1.9804167039601168 -1.9647364996749546 5.0
8.3125 -2.017045599322278 -2.0033659020310854 5.0
8.4375 -2.1478138795913018 -2.090703152696623 5.0
8.5625 -2.3111818870383587 -2.2054705934516847 5.0
8.6875 -2.470502935844147 -2.4149856079943155 5.0
8.8125 -2.5698875679800586 -2.423759532301821 5.0
8.9375 -2.6225939184960616 -2.615645058540734 5.0
9.0625 -3.017045599322278 -2.7074154318963792 5.0
9.1875 -3.210865625338391 -2.983621843835328 5.0
9.3125 -3.053257771976723 -3.1362320070414866 5.0
9.4375 -3.3735929228360906 -3.3735929228360906 5.0
9.5625 -3.3735929228360906 -3.335804361946691 5.0
9.6875 -3.5698875679800586 -3.2688575723160778 5.0
9.8125 -3.511895621002372 -3.511895621002372 5.0
9.9375 -3.8129256166663534 -3.9378643532746533 5.0
10.0625 0.0 -3.7160156036582968 5.0
10.1875 -4.113955612330335 -3.9378643532746533 5.0
10.3125 -4.414985607994316 0.0 5.0
10.4375 0.0 -4.414985607994316 5.0
10.5625 0.0 0.0 5.0
10.6875 0.0 0.0 5.0
10.8125 0.0 0.0 5.0
10.9375 0.0 0.0 5.0
11.0625 0.0 0.0 5.0
11.1875 0.0 0.0 5.0
11.3125 0.0 0.0 5.0
11.4375 0.0 0.0 5.0
11.5625 0.0 0.0 5.0
11.6875 0.0 0.0 5.0
11.8125 0.0 0.0 5.0
11.9375 0.0 0.0 5.0
12.0625 0.0 0.0 5.0
12.1875 0.0 0.0 5.0
12.3125 0.0 0.0 5.0
12.4375 0.0 0.0 5.0
12.5625 0.0 0.0 5.0
12.6875 0.0 0.0 5.0
12.8125 0.0 0.0 5.0
12.9375 0.0 0.0 5.0
13.0625 0.0 0.0 5.0
13.1875 0.0 0.0 5.0
13.3125 0.0 0.0 5.0
13.4375 0.0 0.0 5.0
13.5625 0.0 0.0 5.0
13.6875 0.0 0.0 5.0
13.8125 0.0 0.0 5.0
13.9375 0.0 0.0 5.0
14.0625 0.0 0.0 5.0
14.1875 0.0 0.0 5.0
14.3125 0.0 0.0 5.0
14.4375 0.0 0.0 5.0
14.5625 0.0 0.0 5.0
14.6875 0.0 0.0 5.0
14.8125 0.0 0.0 5.0
14.9375 0.0 0.0 5.0
5.0625 -0.8969984049692374 -0.9186095539819148 6.0
5.1875 -0.8341746353333694 -0.8827409643677333 6.0
5.3125 -0.8164139445121745 -0.8424625101446781 6.0
5.4375 -0.7869033470036362 -0.8175098181239382 6.0
5.5625 -0.7956835321187075 -0.8202616615845689 6.0
5.6875 -0.8051778386656133 -0.8477239156404411 6.0
5.8125 -0.82325336904248 -0.8499646796490219 6.0
5.9375 -0.8636576199904697 -0.8835066909520606 6.0
6.0625 -0.9101071485840997 -0.9105147454998966 6.0
6.1875 -0.9543884190967141 -0.9485628855605237 6.0
6.3125 -0.9930527947158072 -0.9923957681428335 6.0
6.4375 -1.0622244162704848 -1.0511856625152063 6.0
6.5625 -1.1337249209393028 -1.1214020944981988 6.0
6.6875 -1.2065442515557483 -1.1977649523497969 6.0
6.8125 -1.2804897521596421 -1.2506327522098786 6.0
6.9375 -1.3471710968324755 -1.3343591210725099 6.0
7.0625 -1.4451039642478156 -1.3958693175472427 6.0
7.1875 -1.5284948828218339 -1.501171755610599 6.0
7.3125 -1.6218940078177355 -1.5805649043127832 6.0
7.4375 -1.7337443706187283 -1.642663901271396 6.0
7.5625 -1.7531729224570545 -1.731938569755466 6.0
7.6875 -1.8672109026064931 -1.8250360066686078 6.0
7.8125 -1.9884743466297403 -1.9152985253759118 6.0
7.9375 -2.111789550573827 -2.068632633543677 6.0
8.0625 -2.17693950486552 -2.131684379290766 6.0
8.1875 -2.2977143123385515 -2.216328521039893 6.0
8.3125 -2.325080496554918 -2.3043958976950667 6.0
8.4375 -2.4465026594403807 -2.432714374954747 6.0
8.5625 -2.534172015713524 -2.490706321932434 6.0
8.6875 -2.771532931508128 -2.6225939184960616 6.0
8.8125 -3.1139556123303342 -2.7160156036582968 6.0
8.9375 -3.1362320070414866 -2.80220175127458 6.0
9.0625 -3.2688575723160778 -3.1597131028910095 6.0
9.1875 -3.511895621002372 -3.238894348938634 6.0
9.3125 -3.4607430985549907 -3.335804361946691 6.0
9.4375 -3.5698875679800586 -3.5698875679800586 6.0
9.5625 0.0 -3.9378643532746533 6.0
9.6875 -4.414985607994316 -4.113955612330335 6.0
9.8125 -4.113955612330335 -3.7160156036582968 6.0
9.9375 -4.113955612330335 0.0 6.0
10.0625 0.0 -4.414985607994316 6.0
10.1875 -4.414985607994316 0.0 6.0
10.3125 0.0 0.0 6.0
10.4375 0.0 0.0 6.0
10.5625 0.0 0.0 6.0
10.6875 0.0 0.0 6.0
10.8125 0.0 0.0 6.0
10.9375 0.0 0.0 6.0
11.0625 0.0 0.0 6.0
11.1875 0.0 0.0 6.0
11.3125 0.0 0.0 6.0
11.4375 0.0 0.0 6.0
11.5625 0.0 0.0 6.0
11.6875 0.0 0.0 6.0
11.8125 0.0 0.0 6.0
11.9375 0.0 0.0 6.0
12.0625 0.0 0.0 6.0
12.1875 0.0 0.0 6.0
12.3125 0.0 0.0 6.0
12.4375 0.0 0.0 6.0
12.5625 0.0 0.0 6.0
12.6875 0.0 0.0 6.0
12.8125 0.0 0.0 6.0
12.9375 0.0 0.0 6.0
13.0625 0.0 0.0 6.0
13.1875 0.0 0.0 6.0
13.3125 0.0 0.0 6.0
13.4375 0.0 0.0 6.0
13.5625 0.0 0.0 6.0
13.6875 0.0 0.0 6.0
13.8125 0.0 0.0 6.0
13.9375 0.0 0.0 6.0
14.0625 0.0 0.0 6.0
14.1875 0.0 0.0 6.0
14.3125 0.0 0.0 6.0
14.4375 0.0 0.0 6.0
14.5625 0.0 0.0 6.0
14.6875 0.0 0.0 6.0
14.8125 0.0 0.0 6.0
14.9375 0.0 0.0 6.0
5.0625 -1.0461411011684942 -1.0737489847556234 7.0
5.1875 -0.9845880166073488 -1.020709081226494 7.0
5.3125 -0.9513912058073154 -1.0099809429439461 7.0
5.4375 -0.9633526605373248 -0.9747063947587274 7.0
5.5625 -0.9512418867472564 -0.9751793966009854 7.0
5.6875 -0.9618202154684584 -0.9963529206402502 7.0
5.8125 -0.975652914164053 -0.9971818853544346 7.0
5.9375 -1.0256422967422376 -1.049310467538398 7.0
6.0625 -1.058959750801193 -1.0711832748326606 7.0
6.1875 -1.1229511719995793 -1.1301038933388627 7.0
6.3125 -1.1655426465517333 -1.1766885401189218 7.0
6.4375 -1.2476682732461395 -1.22241815465777 7.0
6.5625 -1.2937541528446943 -1.2921146851298801 7.0
6.6875 -1.3904999402951486 -1.3554221900930479 7.0
6.8125 -1.4413959845670588 -1.4455696956403343 7.0
6.9375 -1.5767663860866898 -1.5223345741170153 7.0
7.0625 -1.6598733415992444 -1.569267590027657 7.0
7.1875 -1.7373786552738224 -1.6964839191270413 7.0
7.3125 -1.820593057618889 -1.8011437861182464 7.0
7.4375 -1.9098356296744097 -1.874656133203442 7.0
7.5625 -2.0927663132603964 -1.9788229609535597 7.0
7.6875 -2.181989497602162 -2.1053554405684167 7.0
7.8125 -2.3043958976950667 -2.1896763262684527 7.0
7.9375 -2.3286257773195675 -2.2719708077402205 7.0
8.0625 -2.490706321932434 -2.365767585324134 7.0
8.1875 -2.5954416724524467 -2.470502935844147 7.0
8.3125 -2.742887750058598 -2.6225939184960616 7.0
8.4375 -2.7074154318963792 -2.87091756364404 7.0
8.5625 -2.896471668116428 -2.8835066909520606 7.0
8.6875 -3.1597131028910095 -3.0000122600234977 7.0
8.8125 -3.4149856079943155 -3.301042255687479 7.0
8.9375 -3.4149856079943155 -3.2688575723160778 7.0
9.0625 -3.511895621002372 -3.335804361946691 7.0
9.1875 -4.414985607994316 -3.636834357610672 7.0
9.3125 -3.9378643532746533 -3.9378643532746533 7.0
9.4375 -4.113955612330335 -3.8129256166663534 7.0
9.5625 -4.414985607994316 0.0 7.0
9.6875 -4.113955612330335 -3.9378643532746533 7.0
9.8125 0.0 0.0 7.0
9.9375 0.0 -4.414985607994316 7.0
10.0625 0.0 -4.414985607994316 7.0
10.1875 0.0 0.0 7.0
10.3125 0.0 0.0 7.0
10.4375 0.0 0.0 7.0
10.5625 0.0 0.0 7.0
10.6875 0.0 0.0 7.0
10.8125 0.0 0.0 7.0
10.9375 0.0 0.0 7.0
11.0625 0.0 0.0 7.0
11.1875 0.0 0.0 7.0
11.3125 0.0 0.0 7.0
11.4375 0.0 0.0 7.0
11.5625 0.0 0.0 7.0
11.6875 0.0 0.0 7.0
11.8125 0.0 0.0 7.0
11.9375 0.0 0.0 7.0
12.0625 0.0 0.0 7.0
12.1875 0.0 0.0 7.0
12.3125 0.0 0.0 7.0
12.4375 0.0 0.0 7.0
12.5625 0.0 0.0 7.0
12.6875 0.0 0.0 7.0
12.8125 0.0 0.0 7.0
12.9375 0.0 0.0 7.0
13.0625 0.0 0.0 7.0
13.1875 0.0 0.0 7.0
13.3125 0.0 0.0 7.0
13.4375 0.0 0.0 7.0
13.5625 0.0 0.0 7.0
13.6875 0.0 0.0 7.0
13.8125 0.0 0.0 7.0
13.9375 0.0 0.0 7.0
14.0625 0.0 0.0 7.0
14.1875 0.0 0.0 7.0
14.3125 0.0 0.0 7.0
14.4375 0.0 0.0 7.0
14.5625 0.0 0.0 7.0
14.6875 0.0 0.0 7.0
14.8125 0.0 0.0 7.0
14.9375 0.0 0.0 7.0
5.0625 -1.269478436584653 -1.2605616348796687 8.0
5.1875 -1.221304578453034 -1.2458992505072928 8.0
5.3125 -1.1580274554333838 -1.216328521039893 8.0
5.4375 -1.1830065811628114 -1.2166034779860213 8.0
5.5625 -1.1592308213512714 -1.1956630995749788 8.0
5.6875 -1.1925292713150688 -1.2135884836738642 8.0
5.8125 -1.2054705934516847 -1.239183975146036 8.0
5.9375 -1.2456051126823662 -1.2679279369659557 8.0
6.0625 -1.2901554585804564 -1.2773150707575605 8.0
6.1875 -1.347542765217935 -1.3296950297642507 8.0
6.3125 -1.4051099742821556 -1.392557236808829 8.0
6.4375 -1.456421724772348 -1.4840365768267927 8.0
6.5625 -1.554048987294222 -1.5358897284942428 8.0
6.6875 -1.642663901271396 -1.6325129838280295 8.0
6.8125 -1.731938569755466 -1.6762050495099465 8.0
6.9375 -1.8456116983792696 -1.7637075939961715 8.0
7.0625 -1.9208310139758729 -1.8977897100443413 8.0
7.1875 -2.0222886547346497 -2.0275957816555863 8.0
7.3125 -2.1694729401801656 -2.1011183876251622 8.0
7.4375 -2.307775638346447 -2.2054705934516847 8.0
7.5625 -2.406385436232398 -2.294411676788466 8.0
7.6875 -2.4959075156182418 -2.485566682280023 8.0
7.8125 -2.588910805293489 -2.490706321932434 8.0
7.9375 -2.742887750058598 -2.557653111563047 8.0
8.0625 -2.791736317596415 -2.7337443706187283 8.0
8.1875 -3.2688575723160778 -2.923623914160043 8.0
8.3125 -3.0347743662827096 -3.0347743662827096 8.0
8.4375 -3.1597131028910095 -3.210865625338391 8.0
8.5625 -3.636834357610672 -3.4149856079943155 8.0
8.6875 -3.4607430985549907 -3.5698875679800586 8.0
8.8125 -3.5698875679800586 -3.4607430985549907 8.0
8.9375 -4.414985607994316 -3.3735929228360906 8.0
9.0625 -4.113955612330335 -4.414985607994316 8.0
9.1875 0.0 -4.113955612330335 8.0
9.3125 -3.9378643532746533 -4.113955612330335 8.0
9.4375 0.0 0.0 8.0
9.5625 0.0 0.0 8.0
9.6875 0.0 -4.414985607994316 8.0
9.8125 0.0 0.0 8.0
9.9375 0.0 0.0 8.0
10.0625 0.0 0.0 8.0
10.1875 0.0 0.0 8.0
10.3125 0.0 0.0 8.0
10.4375 0.0 0.0 8.0
10.5625 0.0 0.0 8.0
10.6875 0.0 0.0 8.0
10.8125 0.0 0.0 8.0
10.9375 0.0 0.0 8.0
11.0625 0.0 0.0 8.0
11.1875 0.0 0.0 8.0
11.3125 0.0 0.0 8.0
11.4375 0.0 0.0 8.0
11.5625 0.0 0.0 8.0
11.6875 0.0 0.0 8.0
11.8125 0.0 0.0 8.0
11.9375 0.0 0.0 8.0
12.0625 0.0 0.0 8.0
12.1875 0.0 0.0 8.0
12.3125 0.0 0.0 8.0
12.4375 0.0 0.0 8.0
12.5625 0.0 0.0 8.0
12.6875 0.0 0.0 8.0
12.8125 0.0 0.0 8.0
12.9375 0.0 0.0 8.0
13.0625 0.0 0.0 8.0
13.1875 0.0 0.0 8.0
13.3125 0.0 0.0 8.0
13.4375 0.0 0.0 8.0
13.5625 0.0 0.0 8.0
13.6875 0.0 0.0 8.0
13.8125 0.0 0.0 8.0
13.9375 0.0 0.0 8.0
14.0625 0.0 0.0 8.0
14.1875 0.0 0.0 8.0
14.3125 0.0 0.0 8.0
14.4375 0.0 0.0 8.0
14.5625 0.0 0.0 8.0
14.6875 0.0 0.0 8.0
14.8125 0.0 0.0 8.0
14.9375 0.0 0.0 8.0
5.0625 -1.4881288990446233 -1.4881288990446233 9.0
5.1875 -1.4446387317642224 -1.4665726422157146 9.0
5.3125 -1.414551530514997 -1.4607430985549907 9.0
5.4375 -1.3681004171566056 -1.4154201197683334 9.0
5.5625 -1.3904999402951486 -1.4264266511157002 9.0
5.6875 -1.3967012995677848 -1.4354372332902205 9.0
5.8125 -1.4455696956403343 -1.4568997594732305 9.0
5.9375 -1.4749674529866525 -1.4759658315456492 9.0
6.0625 -1.4969552712094356 -1.5240060110046267 9.0
6.1875 -1.5680302829744917 -1.5711301853711546 9.0
6.3125 -1.6515576144313784 -1.6375587856050042 9.0
6.4375 -1.6998182501458579 -1.7310384772428034 9.0
6.5625 -1.8096805618532061 -1.777495878481805 9.0
6.6875 -1.882231229001818 -1.8538842243452596 9.0
6.8125 -2.0275957816555863 -1.9364191124004722 9.0
6.9375 -2.084571834645125 -2.0439177457225792 9.0
7.0625 -2.2417993395820415 -2.1227295366378396 9.0
7.1875 -2.307775638346447 -2.2536176057593407 9.0
7.3125 -2.4754663553756973 -2.3505276187673974 9.0
7.4375 -2.5399243446026154 -2.485566682280023 9.0
7.5625 -2.7337443706187283 -2.629655772983549 9.0
7.6875 -2.87091756364404 -2.6825918481713473 9.0
7.8125 -2.923623914160043 -3.053257771976723 9.0
7.9375 -3.184536686616042 -3.0927663132603964 9.0
8.0625 -3.3735929228360906 -3.335804361946691 9.0
8.1875 -3.335804361946691 -3.238894348938634 9.0
8.3125 -3.4607430985549907 -3.335804361946691 9.0
8.4375 -3.8129256166663534 -3.7160156036582968 9.0
8.5625 -4.113955612330335 -3.7160156036582968 9.0
8.6875 -3.9378643532746533 -4.414985607994316 9.0
8.8125 -4.113955612330335 -3.8129256166663534 9.0
8.9375 -4.113955612330335 -3.8129256166663534 9.0
9.0625 -4.414985607994316 0.0 9.0
9.1875 -4.113955612330335 0.0 9.0
9.3125 0.0 0.0 9.0
9.4375 0.0 -4.113955612330335 9.0
9.5625 0.0 0.0 9.0
9.6875 0.0 0.0 9.0
9.8125 0.0 0.0 9.0
9.9375 0.0 0.0 9.0
10.0625 0.0 0.0 9.0
10.1875 0.0 0.0 9.0
10.3125 0.0 0.0 9.0
10.4375 0.0 0.0 9.0
10.5625 0.0 0.0 9.0
10.6875 0.0 0.0 9.0
10.8125 0.0 0.0 9.0
10.9375 0.0 0.0 9.0
11.0625 0.0 0.0 9.0
11.1875 0.0 0.0 9.0
11.3125 0.0 0.0 9.0
11.4375 0.0 0.0 9.0
11.5625 0.0 0.0 9.0
11.6875 0.0 0.0 9.0
11.8125 0.0 0.0 9.0
11.9375 0.0 0.0 9.0
12.0625 0.0 0.0 9.0
12.1875 0.0 0.0 9.0
12.3125 0.0 0.0 9.0
12.4375 0.0 0.0 9.0
12.5625 0.0 0.0 9.0
12.6875 0.0 0.0 9.0
12.8125 0.0 0.0 9.0
12.9375 0.0 0.0 9.0
13.0625 0.0 0.0 9.0
13.1875 0.0 0.0 9.0
13.3125 0.0 0.0 9.0
13.4375 0.0 0.0 9.0
13.5625 0.0 0.0 9.0
13.6875 0.0 0.0 9.0
13.8125 0.0 0.0 9.0
13.9375 0.0 0.0 9.0
14.0625 0.0 0.0 9.0
14.1875 0.0 0.0 9.0
14.3125 0.0 0.0 9.0
14.4375 0.0 0.0 9.0
14.5625 0.0 0.0 9.0
14.6875 0.0 0.0 9.0
14.8125 0.0 0.0 9.0
14.9375 0.0 0.0 9.0
5.0625 -1.729243869392052 -1.781517152414729 10.0
5.1875 -1.7099776486609797 -1.7301402463499032 10.0
5.3125 -1.6660227467381543 -1.6882583989677433 10.0
5.4375 -1.6598733415992444 -1.6939998638405764 10.0
5.5625 -1.6493170532353016 -1.7151478821270698 10.0
5.6875 -1.6890739756992674 -1.7160156036582968 10.0
5.8125 -1.7186292192609836 -1.7247895279658019 10.0
5.9375 -1.7328405316204838 -1.773511497490216 10.0
6.0625 -1.8239210009678164 -1.8283983033225606 10.0
6.1875 -1.8107595549098456 -1.8194893861687416 10.0
6.3125 -1.9407693439180604 -1.9422291586771032 10.0
6.4375 -2.0513736281021715 -2.0016858439130636 10.0
6.5625 -2.1227295366378396 -2.1053554405684167 10.0
6.6875 -2.219085955585082 -2.202798003590358 10.0
6.8125 -2.325080496554918 -2.2719708077402205 10.0
6.9375 -2.4754663553756973 -2.354287767640704 10.0
7.0625 -2.522891005303835 -2.470502935844147 10.0
7.1875 -2.7337443706187283 -2.6020722513514603 10.0
7.3125 -3.0927663132603964 -2.80220175127458 10.0
7.4375 -2.9525876100953594 -2.8239210009678164 10.0
7.5625 -3.1139556123303342 -3.1597131028910095 10.0
7.6875 -3.4149856079943155 -3.053257771976723 10.0
7.8125 -3.210865625338391 -3.301042255687479 10.0
7.9375 -3.5698875679800586 -3.511895621002372 10.0
8.0625 -3.636834357610672 -3.511895621002372 10.0
8.1875 -3.9378643532746533 -3.8129256166663534 10.0
8.3125 -3.9378643532746533 -3.5698875679800586 10.0
8.4375 -4.113955612330335 -3.9378643532746533 10.0
8.5625 -4.113955612330335 -3.8129256166663534 10.0
8.6875 -4.113955612330335 0.0 10.0
8.8125 -4.414985607994316 -3.9378643532746533 10.0
8.9375 0.0 -4.414985607994316 10.0
9.0625 0.0 0.0 10.0
9.1875 0.0 0.0 10.0
9.3125 0.0 0.0 10.0
9.4375 0.0 0.0 10.0
9.5625 0.0 0.0 10.0
9.6875 0.0 0.0 10.0
9.8125 0.0 0.0 10.0
9.9375 0.0 0.0 10.0
10.0625 0.0 0.0 10.0
10.1875 0.0 0.0 10.0
10.3125 0.0 0.0 10.0
10.4375 0.0 0.0 10.0
10.5625 0.0 0.0 10.0
10.6875 0.0 0.0 10.0
10.8125 0.0 0.0 10.0
10.9375 0.0 0.0 10.0
11.0625 0.0 0.0 10.0
11.1875 0.0 0.0 10.0
11.3125 0.0 0.0 10.0
11.4375 0.0 0.0 10.0
11.5625 0.0 0.0 10.0
11.6875 0.0 0.0 10.0
11.8125 0.0 0.0 10.0
11.9375 0.0 0.0 10.0
12.0625 0.0 0.0 10.0
12.1875 0.0 0.0 10.0
12.3125 0.0 0.0 10.0
12.4375 0.0 0.0 10.0
12.5625 0.0 0.0 10.0
12.6875 0.0 0.0 10.0
12.8125 0.0 0.0 10.0
12.9375 0.0 0.0 10.0
13.0625 0.0 0.0 10.0
13.1875 0.0 0.0 10.0
13.3125 0.0 0.0 10.0
13.4375 0.0 0.0 10.0
13.5625 0.0 0.0 10.0
13.6875 0.0 0.0 10.0
13.8125 0.0 0.0 10.0
13.9375 0.0 0.0 10.0
14.0625 0.0 0.0 10.0
14.1875 0.0 0.0 10.0
14.3125 0.0 0.0 10.0
14.4375 0.0 0.0 10.0
14.5625 0.0 0.0 10.0
14.6875 0.0 0.0 10.0
14.8125 0.0 0.0 10.0
14.9375 0.0 0.0 10.0

