#SMF all galaxies from z=0, 10
5.0625 -1.6686493083393916 -1.5639577200882513 0.0
5.1875 -1.5884597204301534 -1.477206256944406 0.0
5.3125 -1.4779015168075071 -1.3852022540844589 0.0
5.4375 -1.3387931552433028 -1.29841078222998 0.0
5.5625 -1.2067116814851175 -1.220363470234584 0.0
5.6875 -1.1137259041447014 -1.1559501135461296 0.0
5.8125 -1.0596854209685915 -1.1085283105422967 0.0
5.9375 -1.032211464849797 -1.0762734248930461 0.0
6.0625 -1.0242075394247443 -1.0589538985147287 0.0
6.1875 -1.0275211788826697 -1.0529697670427496 0.0
6.3125 -1.038244042081935 -1.055876805277615 0.0
6.4375 -1.0536342752965415 -1.066392340337321 0.0
6.5625 -1.0703589394992712 -1.0846085842123614 0.0
6.6875 -1.0929128836632962 -1.109203978686447 0.0
6.8125 -1.1260229865549225 -1.1385990992549067 0.0
6.9375 -1.1694500225224727 -1.1744561153426007 0.0
7.0625 -1.2187109715862225 -1.2136489143964426 0.0
7.1875 -1.2682034418650279 -1.2582423943353411 0.0
7.3125 -1.3181959037742188 -1.3065246889069961 0.0
7.4375 -1.3693140983568992 -1.3551847172126246 0.0
7.5625 -1.421395850323955 -1.4042978446907894 0.0
7.6875 -1.47391730654603 -1.4550879520151863 0.0
7.8125 -1.525693662033985 -1.5060682097254525 0.0
7.9375 -1.5777322686867898 -1.5581651342175848 0.0
8.0625 -1.6270314591773858 -1.6078067442329345 0.0
8.1875 -1.6767437870148825 -1.6551717000232606 0.0
8.3125 -1.7235482617403737 -1.7050785032223197 0.0
8.4375 -1.770837266001267 -1.7522621212980154 0.0
8.5625 -1.8149146085874015 -1.7965994111375243 0.0
8.6875 -1.8580534859138056 -1.8420486384452397 0.0
8.8125 -1.8955964211515886 -1.8824711222813209 0.0
8.9375 -1.9366263516287647 -1.9258571406699339 0.0
9.0625 -1.9747184991435933 -1.966730831710179 0.0
9.1875 -2.0169550910573086 -2.0070758642198157 0.0
9.3125 -2.055955495319563 -2.0509246565608352 0.0
9.4375 -2.1016658161608803 -2.0939804002915166 0.0
9.5625 -2.1471664558952375 -2.141657253758626 0.0
9.6875 -2.2025165812731506 -2.189639534475394 0.0
9.8125 -2.2559770820637715 -2.2409916737043685 0.0
9.9375 -2.314775538899122 -2.2905819330991086 0.0
10.0625 -2.371447811543528 -2.3465667390051745 0.0
10.1875 -2.4122214452386963 -2.40319845198813 0.0
10.3125 -2.4542598037407655 -2.463697468903079 0.0
10.4375 -2.4996077422012903 -2.5264588796014236 0.0
10.5625 -2.586915597177437 -2.6089261795517036 0.0
10.6875 -2.7368675719329003 -2.7064686116929506 0.0
10.8125 -2.927751739716102 -2.8216037204518147 0.0
10.9375 -3.1093764755781526 -2.9516498387304835 0.0
11.0625 -3.2716568840890234 -3.096455127061231 0.0
11.1875 -3.441721263522318 -3.267536037264637 0.0
11.3125 -3.6042655332100866 -3.419478432278233 0.0
11.4375 -3.785017438607385 -3.603290685478876 0.0
11.5625 -4.000683302391992 -3.7747810678522598 0.0
11.6875 -4.207791911351236 -3.969324315487469 0.0
11.8125 -4.438045028180699 -4.176167156478867 0.0
11.9375 -4.65192484812578 -4.34213454261477 0.0
12.0625 -4.883873924646463 -4.5439922231756205 0.0
12.1875 -5.130409665918192 -4.77190016520253 0.0
12.3125 -5.423321771359993 -4.991362675398525 0.0
12.4375 -5.6785942764633 -5.342802174540107 0.0
12.5625 -6.155715531182961 -5.492957699501388 0.0
12.6875 -6.456745526846943 -5.813292850360756 0.0
12.8125 -6.6785942764633 -6.201473021743637 0.0
12.9375 0.0 -6.310617491168705 0.0
13.0625 0.0 -7.155715531182961 0.0
13.1875 0.0 0.0 0.0
13.3125 0.0 -7.155715531182961 0.0
13.4375 0.0 0.0 0.0
13.5625 0.0 0.0 0.0
13.6875 0.0 0.0 0.0
13.8125 0.0 0.0 0.0
13.9375 0.0 0.0 0.0
14.0625 0.0 0.0 0.0
14.1875 0.0 0.0 0.0
14.3125 0.0 0.0 0.0
14.4375 0.0 0.0 0.0
14.5625 0.0 0.0 0.0
14.6875 0.0 0.0 0.0
14.8125 0.0 0.0 0.0
14.9375 0.0 0.0 0.0
5.0625 -1.6625405958191863 -1.5553318904942866 0.1
5.1875 -1.5777621080338928 -1.4654458932168364 0.1
5.3125 -1.4638201682913519 -1.3711709836194728 0.1
5.4375 -1.3222006045616697 -1.2804528018881345 0.1
5.5625 -1.1886540687117058 -1.201261234194785 0.1
5.6875 -1.0947541729250716 -1.1370890852070015 0.1
5.8125 -1.0399300058136653 -1.0880411016519895 0.1
5.9375 -1.0115593190677414 -1.0560459374506432 0.1
6.0625 -1.0027551622468993 -1.036683116841957 0.1
6.1875 -1.0047455262026288 -1.0286502748621047 0.1
6.3125 -1.0127591615270677 -1.032058223325007 0.1
6.4375 -1.0250701475816593 -1.0414592655320896 0.1
6.5625 -1.0418276384816951 -1.0605685055032326 0.1
6.6875 -1.0678333573880732 -1.0848431430247754 0.1
6.8125 -1.1052479967515083 -1.1150522833635796 0.1
6.9375 -1.1509012335068876 -1.1526153371974988 0.1
7.0625 -1.2009439873767367 -1.1941145862648663 0.1
7.1875 -1.2508269515947443 -1.2400002478630225 0.1
7.3125 -1.3020702408662495 -1.2885911359176119 0.1
7.4375 -1.3536139433490129 -1.3388726032315792 0.1
7.5625 -1.4063889748286265 -1.3901915169911896 0.1
7.6875 -1.459280504693535 -1.4411703544434167 0.1
7.8125 -1.5122934537950257 -1.4932901564090204 0.1
7.9375 -1.5646798780870645 -1.5441759611703059 0.1
8.0625 -1.615875695829902 -1.5972013569297456 0.1
8.1875 -1.666881487670849 -1.646460573983949 0.1
8.3125 -1.716621369998629 -1.6965870178488531 0.1
8.4375 -1.7650082236020186 -1.7448995081862966 0.1
8.5625 -1.81271286245878 -1.792338622734664 0.1
8.6875 -1.8552330915989965 -1.8365865600588591 0.1
8.8125 -1.8962291642376299 -1.8818372912303927 0.1
8.9375 -1.938357945562296 -1.9235787003288929 0.1
9.0625 -1.9761177853611624 -1.9659698252492992 0.1
9.1875 -2.0196580067441627 -2.010006481513009 0.1
9.3125 -2.0584339211192555 -2.0536009742303025 0.1
9.4375 -2.1040306006480205 -2.0984298867647473 0.1
9.5625 -2.1505436016588932 -2.1457040690223264 0.1
9.6875 -2.2055941836715887 -2.193118925271705 0.1
9.8125 -2.2605582841633516 -2.2450804557987563 0.1
9.9375 -2.3191572381593093 -2.296865657928189 0.1
10.0625 -2.374448563699512 -2.350704294814757 0.1
10.1875 -2.414816227440678 -2.4063425675820747 0.1
10.3125 -2.455886473954763 -2.4695710257594015 0.1
10.4375 -2.5069653184849425 -2.537186314411849 0.1
10.5625 -2.605915566998412 -2.619232844255762 0.1
10.6875 -2.7681121698984064 -2.7221857052674667 0.1
10.8125 -2.9551386044281136 -2.835236898025344 0.1
10.9375 -3.138306522646751 -2.9745868314356665 0.1
11.0625 -3.293822840791516 -3.1247516888046865 0.1
11.1875 -3.4602338546927642 -3.282394929367563 0.1
11.3125 -3.6239812219064116 -3.447209650227725 0.1
11.4375 -3.813095488629614 -3.6271844705475504 0.1
11.5625 -4.0468124035156485 -3.812701034032194 0.1
11.6875 -4.262508778123114 -3.9804937308399095 0.1
11.8125 -4.479937189508877 -4.203407521520837 0.1
11.9375 -4.693317533284006 -4.431439661582173 0.1
12.0625 -4.943527926779004 -4.607940825795139 0.1
12.1875 -5.26922480601048 -4.874682163935234 0.1
12.3125 -5.522247075603375 -5.031863890215876 0.1
12.4375 -5.757775522510924 -5.27490193890217 0.1
12.5625 -6.201473021743637 -5.6785942764633 0.1
12.6875 -7.155715531182961 -5.854685535518981 0.1
12.8125 -7.155715531182961 -6.041772178876125 0.1
12.9375 0.0 -6.456745526846943 0.1
13.0625 0.0 -6.6785942764633 0.1
13.1875 0.0 -7.155715531182961 0.1
13.3125 0.0 0.0 0.1
13.4375 0.0 0.0 0.1
13.5625 0.0 0.0 0.1
13.6875 0.0 0.0 0.1
13.8125 0.0 0.0 0.1
13.9375 0.0 0.0 0.1
14.0625 0.0 0.0 0.1
14.1875 0.0 0.0 0.1
14.3125 0.0 0.0 0.1
14.4375 0.0 0.0 0.1
14.5625 0.0 0.0 0.1
14.6875 0.0 0.0 0.1
14.8125 0.0 0.0 0.1
14.9375 0.0 0.0 0.1
5.0625 -1.6294072759354863 -1.5118110287365298 0.5
5.1875 -1.5315479556409917 -1.4101348781674747 0.5
5.3125 -1.4062783790645597 -1.3091582343722505 0.5
5.4375 -1.256366773342927 -1.212689692763268 0.5
5.5625 -1.1183149323093582 -1.1289114788095636 0.5
5.6875 -1.0209224940332895 -1.0601438153305682 0.5
5.8125 -0.9634246871781496 -1.0081656498613865 0.5
5.9375 -0.9309623989358986 -0.9721530289311167 0.5
6.0625 -0.914929232803089 -0.9499475459622372 0.5
6.1875 -0.9071599156632774 -0.9415392616904562 0.5
6.3125 -0.9131532333994697 -0.9449450237959316 0.5
6.4375 -0.9329904782531607 -0.9576451378864921 0.5
6.5625 -0.9624164149230809 -0.9791523058065059 0.5
6.6875 -1.0005113205801535 -1.009320176475639 0.5
6.8125 -1.0434514639661951 -1.0449733395927743 0.5
6.9375 -1.0895693253536898 -1.0856735988586625 0.5
7.0625 -1.1401009750081696 -1.131405997809034 0.5
7.1875 -1.1922474055728016 -1.179644470706938 0.5
7.3125 -1.244444967280488 -1.2299204139423006 0.5
7.4375 -1.29813579855868 -1.2813653553920448 0.5
7.5625 -1.351797734209351 -1.3335723067284386 0.5
7.6875 -1.406593999506012 -1.3887118804371466 0.5
7.8125 -1.4612911065611465 -1.442896689646051 0.5
7.9375 -1.5172682081337638 -1.4971661336404254 0.5
8.0625 -1.5729535391207188 -1.5521792790542381 0.5
8.1875 -1.629024824295761 -1.609056906820229 0.5
8.3125 -1.6858154964247816 -1.663577005313745 0.5
8.4375 -1.7438501311872332 -1.7191076821740507 0.5
8.5625 -1.7971791840018472 -1.7734246630782349 0.5
8.6875 -1.8487675206077758 -1.826000437772771 0.5
8.8125 -1.8975070086165975 -1.8755926348806542 0.5
8.9375 -1.9412505319312354 -1.9225391371148581 0.5
9.0625 -1.9854303410450511 -1.9690586176048401 0.5
9.1875 -2.030055379508749 -2.016696443492788 0.5
9.3125 -2.07037499590233 -2.062612679137945 0.5
9.4375 -2.118046055689386 -2.1099897452766996 0.5
9.5625 -2.1709047813098388 -2.1617329184806553 0.5
9.6875 -2.22502623791173 -2.209774501640229 0.5
9.8125 -2.283104798719894 -2.2611724095768944 0.5
9.9375 -2.334732913174661 -2.3153020248922176 0.5
10.0625 -2.3862495826227073 -2.3711338963752966 0.5
10.1875 -2.431898781367184 -2.433344897218537 0.5
10.3125 -2.4794427052582106 -2.501837609218041 0.5
10.4375 -2.5613892903705167 -2.5804121977605625 0.5
10.5625 -2.6920613952111343 -2.673056290499627 0.5
10.6875 -2.887160959417687 -2.7827851262941685 0.5
10.8125 -3.0531446293286626 -2.913049894537698 0.5
10.9375 -3.2166457812595377 -3.062048748955059 0.5
11.0625 -3.3802507218372226 -3.212765461105863 0.5
11.1875 -3.557581885369724 -3.3814906263140427 0.5
11.3125 -3.7603891381136108 -3.5649851253902716 0.5
11.4375 -3.9634269186148416 -3.7392414520827413 0.5
11.5625 -4.2043780123870444 -3.9361310049687073 0.5
11.6875 -4.466406672059342 -4.130409665918192 0.5
11.8125 -4.700870671174451 -4.348180503114109 0.5
11.9375 -4.997353039087712 -4.599413030415675 0.5
12.0625 -5.323206618476726 -4.784647668911226 0.5
12.1875 -5.5875138071159665 -5.091257541956043 0.5
12.3125 -5.951595548527037 -5.349535557199075 0.5
12.4375 -6.252625544191019 -5.650565552863056 0.5
12.5625 -6.854685535518981 -5.854685535518981 0.5
12.6875 0.0 -6.456745526846943 0.5
12.8125 0.0 -6.6785942764633 0.5
12.9375 0.0 -7.155715531182961 0.5
13.0625 0.0 0.0 0.5
13.1875 0.0 0.0 0.5
13.3125 0.0 0.0 0.5
13.4375 0.0 0.0 0.5
13.5625 0.0 0.0 0.5
13.6875 0.0 0.0 0.5
13.8125 0.0 0.0 0.5
13.9375 0.0 0.0 0.5
14.0625 0.0 0.0 0.5
14.1875 0.0 0.0 0.5
14.3125 0.0 0.0 0.5
14.4375 0.0 0.0 0.5
14.5625 0.0 0.0 0.5
14.6875 0.0 0.0 0.5
14.8125 0.0 0.0 0.5
14.9375 0.0 0.0 0.5
5.0625 -1.566505641582463 -1.433784615756283 1.0
5.1875 -1.4511523731943199 -1.321757982700966 1.0
5.3125 -1.3162682814703623 -1.2106947660661374 1.0
5.4375 -1.158755786271056 -1.1081719906957779 1.0
5.5625 -1.0144034368436543 -1.0196475297792793 1.0
5.6875 -0.9082200060580091 -0.9490644871223125 1.0
5.8125 -0.83697351527665 -0.898596380629844 1.0
5.9375 -0.8034424962331321 -0.8655018937692018 1.0
6.0625 -0.8031037562926056 -0.8506280435369196 1.0
6.1875 -0.8179784103294665 -0.8501601772411599 1.0
6.3125 -0.8415182881033203 -0.8617683434407867 1.0
6.4375 -0.8714890201562034 -0.883959166206461 1.0
6.5625 -0.9055720526467294 -0.9115478020264579 1.0
6.6875 -0.9443421257460733 -0.9465759951264285 1.0
6.8125 -0.9867295202596769 -0.9851223526044408 1.0
6.9375 -1.0333554583056221 -1.0283972031828372 1.0
7.0625 -1.0829426623345673 -1.0737989002990562 1.0
7.1875 -1.1345353317117837 -1.1232349769286996 1.0
7.3125 -1.1889544902603006 -1.1739517237492785 1.0
7.4375 -1.2437300887213643 -1.2272781975900844 1.0
7.5625 -1.299841574087363 -1.2811096470687384 1.0
7.6875 -1.356080726289173 -1.3368643870048875 1.0
7.8125 -1.4122481004708856 -1.392680827028733 1.0
7.9375 -1.4706620452011387 -1.4513118927219195 1.0
8.0625 -1.5283906477004916 -1.5095108613607828 1.0
8.1875 -1.5879518437357303 -1.5699740110995668 1.0
8.3125 -1.652956671393977 -1.6294887196038306 1.0
8.4375 -1.717359913787766 -1.689791636097843 1.0
8.5625 -1.7812678136513873 -1.7518061006496026 1.0
8.6875 -1.8435466406050711 -1.812683291996341 1.0
8.8125 -1.8997173957346722 -1.8717339885287114 1.0
8.9375 -1.9525058058570444 -1.9288811444924843 1.0
9.0625 -2.0051279311806147 -1.9818273807831674 1.0
9.1875 -2.0544187901403315 -2.036073700566436 1.0
9.3125 -2.1068893257665193 -2.0874257481491654 1.0
9.4375 -2.161380778283058 -2.1422926148606396 1.0
9.5625 -2.2135635644081795 -2.1968364330548114 1.0
9.6875 -2.2680419787285144 -2.2504972957892617 1.0
9.8125 -2.3222369259466964 -2.304597892200973 1.0
9.9375 -2.3743982611227694 -2.3629457498294837 1.0
10.0625 -2.4297222722582394 -2.4254421139651083 1.0
10.1875 -2.4891788314417718 -2.493212686320307 1.0
10.3125 -2.561776298069076 -2.5702209618644183 1.0
10.4375 -2.6679127833318557 -2.662648032805733 1.0
10.5625 -2.826399026092703 -2.7661950653365843 1.0
10.6875 -3.0041005591669494 -2.8852696231649992 1.0
10.8125 -3.1716835509117813 -3.0229756929220772 1.0
10.9375 -3.347437021600194 -3.185926993768023 1.0
11.0625 -3.529683283353943 -3.346021172466038 1.0
11.1875 -3.7298553861051214 -3.515333486473393 1.0
11.3125 -3.956783661250753 -3.7182820873849907 1.0
11.4375 -4.243493474650546 -3.925777845275028 1.0
11.5625 -4.526305932080243 -4.103021589257994 1.0
11.6875 -4.763018577923296 -4.35637498172938 1.0
11.8125 -5.1182890332423385 -4.609172867704831 1.0
11.9375 -5.502503017407618 -4.879253727009718 1.0
12.0625 -5.757775522510924 -5.147115359421044 1.0
12.1875 -6.201473021743637 -5.439712187548163 1.0
12.3125 -6.553655539855 -5.7243517670239745 1.0
12.4375 -7.155715531182961 -6.3775642807993185 1.0
12.5625 0.0 -6.310617491168705 1.0
12.6875 0.0 -6.854685535518981 1.0
12.8125 0.0 0.0 1.0
12.9375 0.0 0.0 1.0
13.0625 0.0 0.0 1.0
13.1875 0.0 0.0 1.0
13.3125 0.0 0.0 1.0
13.4375 0.0 0.0 1.0
13.5625 0.0 0.0 1.0
13.6875 0.0 0.0 1.0
13.8125 0.0 0.0 1.0
13.9375 0.0 0.0 1.0
14.0625 0.0 0.0 1.0
14.1875 0.0 0.0 1.0
14.3125 0.0 0.0 1.0
14.4375 0.0 0.0 1.0
14.5625 0.0 0.0 1.0
14.6875 0.0 0.0 1.0
14.8125 0.0 0.0 1.0
14.9375 0.0 0.0 1.0
5.0625 -1.261186804910546 -1.1793949035905622 2.0
5.1875 -1.1405692026201473 -1.0809762321828764 2.0
5.3125 -1.019309862410841 -0.990531470195641 2.0
5.4375 -0.9091462971117437 -0.9132655429274259 2.0
5.5625 -0.8179103698212653 -0.8503071911970941 2.0
5.6875 -0.7542365831981781 -0.8038378982813603 2.0
5.8125 -0.7190755816752094 -0.7720947439992107 2.0
5.9375 -0.710774639182886 -0.7574325653204813 2.0
6.0625 -0.7210709515422101 -0.7552872085173217 2.0
6.1875 -0.7430979269170492 -0.7655455265347945 2.0
6.3125 -0.7725502986982793 -0.7846888826409567 2.0
6.4375 -0.8063229843463012 -0.8110843629931219 2.0
6.5625 -0.842337483729346 -0.8434975409031551 2.0
6.6875 -0.8814736032546067 -0.8800193572193385 2.0
6.8125 -0.9239284917042828 -0.9197885747336929 2.0
6.9375 -0.9686177483152202 -0.9637919127843678 2.0
7.0625 -1.0165413288608212 -1.0101030607876709 2.0
7.1875 -1.0677755396852264 -1.0582295046965717 2.0
7.3125 -1.1220445395029988 -1.110452418734693 2.0
7.4375 -1.1806377364989953 -1.1641837843187022 2.0
7.5625 -1.239425855974383 -1.2203881670342418 2.0
7.6875 -1.2982467359295422 -1.2791172720621062 2.0
7.8125 -1.3598028561217623 -1.3386118034647552 2.0
7.9375 -1.4211213003111847 -1.4003583276701774 2.0
8.0625 -1.482642991261503 -1.4650720924306195 2.0
8.1875 -1.549615903859236 -1.5300193828451591 2.0
8.3125 -1.6234237119160482 -1.5995855761066358 2.0
8.4375 -1.7000379294217611 -1.6690017552004763 2.0
8.5625 -1.7810423227851935 -1.7453449540382258 2.0
8.6875 -1.8622557407560059 -1.8223327506785563 2.0
8.8125 -1.9440584629814497 -1.8982889682060633 2.0
8.9375 -2.0236288252277976 -1.9767155755201067 2.0
9.0625 -2.0992223117384112 -2.051505063410559 2.0
9.1875 -2.168402385744139 -2.1223118823874625 2.0
9.3125 -2.2302487304914242 -2.190772695986109 2.0
9.4375 -2.291875395406323 -2.258776158930771 2.0
9.5625 -2.346364597405083 -2.3226959841064305 2.0
9.6875 -2.4035594839019034 -2.3853864598174375 2.0
9.8125 -2.458390270516179 -2.447260636724573 2.0
9.9375 -2.522035030072606 -2.5178257146021714 2.0
10.0625 -2.5913454086676415 -2.5922344457885513 2.0
10.1875 -2.6778566026892663 -2.6824768003260115 2.0
10.3125 -2.825707830310203 -2.790208827105753 2.0
10.4375 -3.0194072639271488 -2.917543927552815 2.0
10.5625 -3.2326270157405625 -3.058007150601332 2.0
10.6875 -3.448486111855668 -3.221166583516815 2.0
10.8125 -3.672841947574208 -3.411735665941119 2.0
10.9375 -3.951053019434743 -3.603290685478876 2.0
11.0625 -4.186299618828981 -3.828152270995684 2.0
11.1875 -4.549334166072357 -4.076534285135337 2.0
11.3125 -4.848219493269749 -4.301409489381881 2.0
11.4375 -5.1734442981433935 -4.566883805588755 2.0
11.5625 -5.5875138071159665 -4.925266609804688 2.0
11.6875 -6.009587495504724 -5.182587677583263 2.0
11.8125 -7.155715531182961 -5.542931674463226 2.0
11.9375 -6.854685535518981 -5.757775522510924 2.0
12.0625 -7.155715531182961 -6.252625544191019 2.0
12.1875 -7.155715531182961 0.0 2.0
12.3125 0.0 -7.155715531182961 2.0
12.4375 0.0 -6.854685535518981 2.0
12.5625 0.0 -7.155715531182961 2.0
12.6875 0.0 0.0 2.0
12.8125 0.0 0.0 2.0
12.9375 0.0 0.0 2.0
13.0625 0.0 0.0 2.0
13.1875 0.0 0.0 2.0
13.3125 0.0 0.0 2.0
13.4375 0.0 0.0 2.0
13.5625 0.0 0.0 2.0
13.6875 0.0 0.0 2.0
13.8125 0.0 0.0 2.0
13.9375 0.0 0.0 2.0
14.0625 0.0 0.0 2.0
14.1875 0.0 0.0 2.0
14.3125 0.0 0.0 2.0
14.4375 0.0 0.0 2.0
14.5625 0.0 0.0 2.0
14.6875 0.0 0.0 2.0
14.8125 0.0 0.0 2.0
14.9375 0.0 0.0 2.0
5.0625 -1.2838344959626906 -1.2343615352379258 3.0
5.1875 -1.204110911134548 -1.1390527530117578 3.0
5.3125 -1.0958924472328657 -1.049554562839903 3.0
5.4375 -0.9886174670890922 -0.9670434833533628 3.0
5.5625 -0.888900305291275 -0.8958909498492125 3.0
5.6875 -0.8065930949372166 -0.8392417380068007 3.0
5.8125 -0.7479284181709843 -0.7979048949267334 3.0
5.9375 -0.7175924907924431 -0.7723177911288538 3.0
6.0625 -0.714071759988478 -0.7618205592640194 3.0
6.1875 -0.729901163742513 -0.7653734819047319 3.0
6.3125 -0.7583062070341868 -0.7807674922779266 3.0
6.4375 -0.7954745805828275 -0.8057190499383425 3.0
6.5625 -0.8353567213599584 -0.8388207244778592 3.0
6.6875 -0.8804885093805495 -0.877266729028311 3.0
6.8125 -0.9269582839206603 -0.9204439494596672 3.0
6.9375 -0.9765384518905752 -0.966211461767628 3.0
7.0625 -1.028165970843026 -1.015006728350192 3.0
7.1875 -1.0791617366310449 -1.0660647153389449 3.0
7.3125 -1.1337505721108223 -1.1180321184772144 3.0
7.4375 -1.1871457324173778 -1.1719683980267215 3.0
7.5625 -1.2425329235861724 -1.2267658969721764 3.0
7.6875 -1.301781988269485 -1.2849483050442796 3.0
7.8125 -1.3613132365225011 -1.34613427068926 3.0
7.9375 -1.4255302150876141 -1.4111761265214073 3.0
8.0625 -1.4947628237469628 -1.479736580803023 3.0
8.1875 -1.573497577857603 -1.5547339279247223 3.0
8.3125 -1.661195003397827 -1.6344950439947923 3.0
8.4375 -1.7645845061329863 -1.718107643268025 3.0
8.5625 -1.8707707165684262 -1.8113095017818848 3.0
8.6875 -1.9784301577978376 -1.9053199281258455 3.0
8.8125 -2.0724458875385583 -2.001288514669855 3.0
8.9375 -2.162213169505073 -2.095611002300777 3.0
9.0625 -2.245721149994624 -2.1862996188289805 3.0
9.1875 -2.330802560461032 -2.2739885958065438 3.0
9.3125 -2.4052225644735703 -2.35506030303775 3.0
9.4375 -2.4803038374680986 -2.434771071736883 3.0
9.5625 -2.549280420081087 -2.512875246662467 3.0
9.6875 -2.6188415822540008 -2.591487532364207 3.0
9.8125 -2.6926740563397322 -2.686026032041857 3.0
9.9375 -2.775395729420321 -2.7830428241379015 3.0
10.0625 -2.922922647037803 -2.890190195963888 3.0
10.1875 -3.143384575602815 -3.0180766261602052 3.0
10.3125 -3.393187008735962 -3.1850897544946672 3.0
10.4375 -3.657542870546418 -3.3615064148364655 3.0
10.5625 -3.9219581682174516 -3.566771888442947 3.0
10.6875 -4.208281809295912 -3.780600846490737 3.0
10.8125 -4.553655539855 -4.033827546079281 3.0
10.9375 -4.917669428054166 -4.27490193890217 3.0
11.0625 -5.342802174540107 -4.581684263455243 3.0
11.1875 -5.637201591305074 -4.898036956313778 3.0
11.3125 -6.252625544191019 -5.191927703837407 3.0
11.4375 -6.854685535518981 -5.611647486832686 3.0
11.5625 -7.155715531182961 -5.925266609804688 3.0
11.6875 0.0 -6.009587495504724 3.0
11.8125 0.0 -6.854685535518981 3.0
11.9375 0.0 -6.854685535518981 3.0
12.0625 0.0 0.0 3.0
12.1875 0.0 -7.155715531182961 3.0
12.3125 0.0 0.0 3.0
12.4375 0.0 0.0 3.0
12.5625 0.0 0.0 3.0
12.6875 0.0 0.0 3.0
12.8125 0.0 0.0 3.0
12.9375 0.0 0.0 3.0
13.0625 0.0 0.0 3.0
13.1875 0.0 0.0 3.0
13.3125 0.0 0.0 3.0
13.4375 0.0 0.0 3.0
13.5625 0.0 0.0 3.0
13.6875 0.0 0.0 3.0
13.8125 0.0 0.0 3.0
13.9375 0.0 0.0 3.0
14.0625 0.0 0.0 3.0
14.1875 0.0 0.0 3.0
14.3125 0.0 0.0 3.0
14.4375 0.0 0.0 3.0
14.5625 0.0 0.0 3.0
14.6875 0.0 0.0 3.0
14.8125 0.0 0.0 3.0
14.9375 0.0 0.0 3.0
5.0625 -1.3596778067209387 -1.3275430395465029 4.0
5.1875 -1.2971446500290313 -1.2332651615786236 4.0
5.3125 -1.2037775079712434 -1.1427573111823648 4.0
5.4375 -1.0948549553037983 -1.0587659123241553 4.0
5.5625 -0.9939867651406817 -0.9833470304847194 4.0
5.6875 -0.9037198036441406 -0.9207032418253581 4.0
5.8125 -0.8304753914921419 -0.8710739055168153 4.0
5.9375 -0.783198437224629 -0.8359507189608191 4.0
6.0625 -0.7636553650803629 -0.8181827954783152 4.0
6.1875 -0.7686209118136169 -0.8145188949652793 4.0
6.3125 -0.7919443391678922 -0.8254111569973497 4.0
6.4375 -0.8292195024885965 -0.8480259223723116 4.0
6.5625 -0.8735812256622448 -0.8802889944413228 4.0
6.6875 -0.9219429567681966 -0.9206809962536642 4.0
6.8125 -0.9741646191700163 -0.9671731648541781 4.0
6.9375 -1.0286917654673124 -1.0163859545058285 4.0
7.0625 -1.086210232729574 -1.0696672939591163 4.0
7.1875 -1.1456374437206551 -1.1265501733025338 4.0
7.3125 -1.204055083449795 -1.1829745567474355 4.0
7.4375 -1.2629922135869214 -1.2396697479813061 4.0
7.5625 -1.321858567914311 -1.298554977016599 4.0
7.6875 -1.3782814585289296 -1.3610553344790022 4.0
7.8125 -1.4344780352639273 -1.4243379215024783 4.0
7.9375 -1.4948898811368216 -1.4924840104675152 4.0
8.0625 -1.5697846645496594 -1.5676691555370355 4.0
8.1875 -1.6697160182017594 -1.652790214398649 4.0
8.3125 -1.8065468338642594 -1.748328026290952 4.0
8.4375 -1.949607778560562 -1.8541321627547742 4.0
8.5625 -2.0766790740954724 -1.963837139840574 4.0
8.6875 -2.1852431275816318 -2.072560629432908 4.0
8.8125 -2.2723607650889766 -2.186136556023765 4.0
8.9375 -2.357313519715231 -2.29174468760756 4.0
9.0625 -2.4467510409193562 -2.3893026840705622 4.0
9.1875 -2.5459930933177235 -2.492278465661112 4.0
9.3125 -2.6458546712538062 -2.5849858381346076 4.0
9.4375 -2.748766795232608 -2.688996159501363 4.0
9.5625 -2.8510096329701966 -2.798619606087228 4.0
9.6875 -2.94424790674382 -2.9146923120238193 4.0
9.8125 -3.1002225245051163 -3.03556952499485 4.0
9.9375 -3.303479591771074 -3.1725404591451487 4.0
10.0625 -3.5558324591092743 -3.3440735097298107 4.0
10.1875 -3.8150731536222566 -3.5241703033486527 4.0
10.3125 -4.144145087585684 -3.7233877389213577 4.0
10.4375 -4.48639865061685 -3.977026291407372 4.0
10.5625 -4.8232770712673565 -4.245091126293761 4.0
10.6875 -5.2636209284924815 -4.49961732917013 4.0
10.8125 -5.757775522510924 -4.813292850360756 4.0
10.9375 -6.201473021743637 -5.241901678799245 4.0
11.0625 -6.456745526846943 -5.650565552863056 4.0
11.1875 0.0 -5.708557499840743 4.0
11.3125 0.0 -6.3775642807993185 4.0
11.4375 -7.155715531182961 -6.553655539855 4.0
11.5625 0.0 -6.854685535518981 4.0
11.6875 0.0 0.0 4.0
11.8125 0.0 -7.155715531182961 4.0
11.9375 0.0 0.0 4.0
12.0625 0.0 0.0 4.0
12.1875 0.0 0.0 4.0
12.3125 0.0 0.0 4.0
12.4375 0.0 0.0 4.0
12.5625 0.0 0.0 4.0
12.6875 0.0 0.0 4.0
12.8125 0.0 0.0 4.0
12.9375 0.0 0.0 4.0
13.0625 0.0 0.0 4.0
13.1875 0.0 0.0 4.0
13.3125 0.0 0.0 4.0
13.4375 0.0 0.0 4.0
13.5625 0.0 0.0 4.0
13.6875 0.0 0.0 4.0
13.8125 0.0 0.0 4.0
13.9375 0.0 0.0 4.0
14.0625 0.0 0.0 4.0
14.1875 0.0 0.0 4.0
14.3125 0.0 0.0 4.0
14.4375 0.0 0.0 4.0
14.5625 0.0 0.0 4.0
14.6875 0.0 0.0 4.0
14.8125 0.0 0.0 4.0
14.9375 0.0 0.0 4.0
5.0625 -1.641952075714213 -1.447148474331782 5.0
5.1875 -1.353181246795986 -1.352231102275088 5.0
5.3125 -1.3154713881691493 -1.2619975890419868 5.0
5.4375 -1.204576745146605 -1.1777250311023935 5.0
5.5625 -1.1260907260737083 -1.101493670982973 5.0
5.6875 -1.038690626628727 -1.0363428337192564 5.0
5.8125 -0.9559003135776755 -0.9820194846668262 5.0
5.9375 -0.8947156984148938 -0.942853296299482 5.0
6.0625 -0.8612027917073515 -0.9194821806135446 5.0
6.1875 -0.8568561259048095 -0.9102981224913673 5.0
6.3125 -0.8759735500855006 -0.9169831326220237 5.0
6.4375 -0.9109168279516293 -0.9369243558780076 5.0
6.5625 -0.9567578405880458 -0.9689766797808905 5.0
6.6875 -1.0087389690497228 -1.0094442019678291 5.0
6.8125 -1.0653971539634262 -1.0584172587940155 5.0
6.9375 -1.1258494269099928 -1.1117719628682958 5.0
7.0625 -1.1887782427509033 -1.1700618642012515 5.0
7.1875 -1.2542490361909564 -1.2306789584774127 5.0
7.3125 -1.3186829414497572 -1.2941751465757116 5.0
7.4375 -1.3839612720964996 -1.3581364075466504 5.0
7.5625 -1.4503436707911779 -1.424574182725197 5.0
7.6875 -1.5155074776832365 -1.4949562691841405 5.0
7.8125 -1.5789941955910094 -1.5690191040435215 5.0
7.9375 -1.6525351950776088 -1.6504013663016521 5.0
8.0625 -1.7563845357647114 -1.7416049471331199 5.0
8.1875 -1.9120252898859371 -1.8437985755108328 5.0
8.3125 -2.095251895341267 -1.9563718124935692 5.0
8.4375 -2.2227955248803597 -2.0742854056283324 5.0
8.5625 -2.293554324976475 -2.1926552841585014 5.0
8.6875 -2.375031060546051 -2.306044336441969 5.0
8.8125 -2.4789853509309925 -2.417521825072477 5.0
8.9375 -2.5848574919009604 -2.526438483486175 5.0
9.0625 -2.7043129175854688 -2.636925309987689 5.0
9.1875 -2.839262904186306 -2.758157869912541 5.0
9.3125 -2.972645081553004 -2.8813036477570875 5.0
9.4375 -3.104408620364988 -3.013733015630158 5.0
9.5625 -3.2598511799356626 -3.1561500429569795 5.0
9.6875 -3.482971332876363 -3.311424787928619 5.0
9.8125 -3.7344407399726154 -3.4877958458656004 5.0
9.9375 -4.012076295908418 -3.6928684953512882 5.0
10.0625 -4.313106291572399 -3.9045641880076074 5.0
10.1875 -4.7054664228636005 -4.137847812219456 5.0
10.3125 -5.10649750851278 -4.403667083363524 5.0
10.4375 -5.483617673247244 -4.694817688426414 5.0
10.5625 -5.813292850360756 -5.0003794937179 5.0
10.6875 -6.6785942764633 -5.2580884398925205 5.0
10.8125 -7.155715531182961 -5.624236614140707 5.0
10.9375 -7.155715531182961 -6.155715531182961 5.0
11.0625 0.0 -6.456745526846943 5.0
11.1875 0.0 -7.155715531182961 5.0
11.3125 0.0 0.0 5.0
11.4375 0.0 0.0 5.0
11.5625 0.0 0.0 5.0
11.6875 0.0 0.0 5.0
11.8125 0.0 0.0 5.0
11.9375 0.0 0.0 5.0
12.0625 0.0 0.0 5.0
12.1875 0.0 0.0 5.0
12.3125 0.0 0.0 5.0
12.4375 0.0 0.0 5.0
12.5625 0.0 0.0 5.0
12.6875 0.0 0.0 5.0
12.8125 0.0 0.0 5.0
12.9375 0.0 0.0 5.0
13.0625 0.0 0.0 5.0
13.1875 0.0 0.0 5.0
13.3125 0.0 0.0 5.0
13.4375 0.0 0.0 5.0
13.5625 0.0 0.0 5.0
13.6875 0.0 0.0 5.0
13.8125 0.0 0.0 5.0
13.9375 0.0 0.0 5.0
14.0625 0.0 0.0 5.0
14.1875 0.0 0.0 5.0
14.3125 0.0 0.0 5.0
14.4375 0.0 0.0 5.0
14.5625 0.0 0.0 5.0
14.6875 0.0 0.0 5.0
14.8125 0.0 0.0 5.0
14.9375 0.0 0.0 5.0
5.0625 -1.4390979284239138 -1.6286014195431568 6.0
5.1875 -1.4892359274825964 -1.5090481711890633 6.0
5.3125 -1.6151245571909538 -1.4120686012324961 6.0
5.4375 -1.3195414819136855 -1.3237120991996556 6.0
5.5625 -1.2656803506399916 -1.2475040430986888 6.0
5.6875 -1.1837405488194386 -1.1791628981375122 6.0
5.8125 -1.1033606174244195 -1.1252817875630579 6.0
5.9375 -1.0407447852907619 -1.08461780189989 6.0
6.0625 -1.0022708129518623 -1.0573456183058114 6.0
6.1875 -0.9911042578413463 -1.046473887176183 6.0
6.3125 -1.0058064079379505 -1.0516198709801916 6.0
6.4375 -1.0384909827162696 -1.0708098148450003 6.0
6.5625 -1.0854156884675676 -1.1026747538100665 6.0
6.6875 -1.1395282192775222 -1.143553885513474 6.0
6.8125 -1.2013446825615084 -1.194092288051071 6.0
6.9375 -1.2682985475501685 -1.2524117068118144 6.0
7.0625 -1.3375741286043943 -1.3147805500423002 6.0
7.1875 -1.4099562500490976 -1.3820468149714324 6.0
7.3125 -1.4804982864615421 -1.4525987659439465 6.0
7.4375 -1.5507209602888765 -1.5238974966983863 6.0
7.5625 -1.6259875355708198 -1.6028405573987354 6.0
7.6875 -1.7080227163941546 -1.6836630043738021 6.0
7.8125 -1.7993033811460017 -1.77285414761968 6.0
7.9375 -1.9151238539029383 -1.868101887008673 6.0
8.0625 -2.0551175580389245 -1.9725140408629607 6.0
8.1875 -2.2065598139603306 -2.08057020412911 6.0
8.3125 -2.2882951877531688 -2.1885093219178593 6.0
8.4375 -2.3472952287938416 -2.3009481068477178 6.0
8.5625 -2.45988375835627 -2.411931479318305 6.0
8.6875 -2.592270045155914 -2.5267037077282106 6.0
8.8125 -2.727807666683714 -2.647293557540493 6.0
8.9375 -2.8788862258395733 -2.769609124046886 6.0
9.0625 -3.0308853817691026 -2.9065416417758496 6.0
9.1875 -3.181572431280747 -3.049116717970425 6.0
9.3125 -3.3707418212285614 -3.216296127853645 6.0
9.4375 -3.5893959096581507 -3.383907652183856 6.0
9.5625 -3.8540345818893855 -3.5757034186535375 6.0
9.6875 -4.139936774793921 -3.793421593218731 6.0
9.8125 -4.509311804959892 -4.01051912506878 6.0
9.9375 -4.856862454773255 -4.243493474650546 6.0
10.0625 -5.35637498172938 -4.530403080221288 6.0
10.1875 -5.611647486832686 -4.867913801252736 6.0
10.3125 -6.310617491168705 -5.09881067984649 6.0
10.4375 -6.854685535518981 -5.5324662407850616 6.0
10.5625 0.0 -5.854685535518981 6.0
10.6875 0.0 -6.553655539855 6.0
10.8125 0.0 -6.6785942764633 6.0
10.9375 0.0 0.0 6.0
11.0625 0.0 0.0 6.0
11.1875 0.0 0.0 6.0
11.3125 0.0 0.0 6.0
11.4375 0.0 0.0 6.0
11.5625 0.0 0.0 6.0
11.6875 0.0 0.0 6.0
11.8125 0.0 0.0 6.0
11.9375 0.0 0.0 6.0
12.0625 0.0 0.0 6.0
12.1875 0.0 0.0 6.0
12.3125 0.0 0.0 6.0
12.4375 0.0 0.0 6.0
12.5625 0.0 0.0 6.0
12.6875 0.0 0.0 6.0
12.8125 0.0 0.0 6.0
12.9375 0.0 0.0 6.0
13.0625 0.0 0.0 6.0
13.1875 0.0 0.0 6.0
13.3125 0.0 0.0 6.0
13.4375 0.0 0.0 6.0
13.5625 0.0 0.0 6.0
13.6875 0.0 0.0 6.0
13.8125 0.0 0.0 6.0
13.9375 0.0 0.0 6.0
14.0625 0.0 0.0 6.0
14.1875 0.0 0.0 6.0
14.3125 0.0 0.0 6.0
14.4375 0.0 0.0 6.0
14.5625 0.0 0.0 6.0
14.6875 0.0 0.0 6.0
14.8125 0.0 0.0 6.0
14.9375 0.0 0.0 6.0
5.0625 -2.0163213628676253 -1.83232109652681 7.0
5.1875 -1.4281596352612875 -1.7041363173676278 7.0
5.3125 -1.6844502307266318 -1.6022913035403117 7.0
5.4375 -1.7645121623907216 -1.5170525911698596 7.0
5.5625 -1.3985845636348264 -1.4398575334821104 7.0
5.6875 -1.3744729984820443 -1.3742610365793626 7.0
5.8125 -1.3040475485243401 -1.316594619418221 7.0
5.9375 -1.233736330668854 -1.2745255230436634 7.0
6.0625 -1.1923159099685092 -1.244842571845475 7.0
6.1875 -1.1747967863359243 -1.2319794527990324 7.0
6.3125 -1.1836154910832595 -1.2348609928395746 7.0
6.4375 -1.2136365078330236 -1.251263454863017 7.0
6.5625 -1.261447664565479 -1.283570334542561 7.0
6.6875 -1.3203128940892441 -1.3261763380521532 7.0
6.8125 -1.3863204791631911 -1.3802113945854986 7.0
6.9375 -1.459571535542118 -1.4423316847519154 7.0
7.0625 -1.5366723143492131 -1.511035733998896 7.0
7.1875 -1.6167762692587644 -1.5848014981563383 7.0
7.3125 -1.6987349356565893 -1.6622979139799863 7.0
7.4375 -1.778409280114763 -1.7454496326035778 7.0
7.5625 -1.8649999457196589 -1.83351691763107 7.0
7.6875 -1.9648238142607921 -1.9274204220748854 7.0
7.8125 -2.086317565088878 -2.0268641078361784 7.0
7.9375 -2.2209394222448395 -2.1295951038586662 7.0
8.0625 -2.3575484714670227 -2.236956736435407 7.0
8.1875 -2.436674423313102 -2.3429425077354584 7.0
8.3125 -2.5015967706850324 -2.4498518188990426 7.0
8.4375 -2.5736294309354766 -2.5555924631572755 7.0
8.5625 -2.7110619001827247 -2.670476922407478 7.0
8.6875 -2.884850442443183 -2.7923480282394757 7.0
8.8125 -3.053590675448436 -2.9278031294312137 7.0
8.9375 -3.2338730497771038 -3.074224202657263 7.0
9.0625 -3.4223577432573764 -3.2375803050166025 7.0
9.1875 -3.630800383643095 -3.417014230748252 7.0
9.3125 -3.9031051906155887 -3.614885717071882 7.0
9.4375 -4.194769335449131 -3.8318449246424526 7.0
9.5625 -4.621689425126827 -4.067934113373419 7.0
9.6875 -4.976738583889793 -4.317496309275336 7.0
9.8125 -5.522247075603375 -4.599413030415675 7.0
9.9375 -5.876961930230133 -4.9356074431429064 7.0
10.0625 -6.310617491168705 -5.206325524538049 7.0
10.1875 -6.6785942764633 -5.6785942764633 7.0
10.3125 0.0 -6.114322846024737 7.0
10.4375 0.0 -6.456745526846943 7.0
10.5625 0.0 -7.155715531182961 7.0
10.6875 0.0 -7.155715531182961 7.0
10.8125 0.0 0.0 7.0
10.9375 0.0 0.0 7.0
11.0625 0.0 -7.155715531182961 7.0
11.1875 0.0 0.0 7.0
11.3125 0.0 0.0 7.0
11.4375 0.0 0.0 7.0
11.5625 0.0 0.0 7.0
11.6875 0.0 0.0 7.0
11.8125 0.0 0.0 7.0
11.9375 0.0 0.0 7.0
12.0625 0.0 0.0 7.0
12.1875 0.0 0.0 7.0
12.3125 0.0 0.0 7.0
12.4375 0.0 0.0 7.0
12.5625 0.0 0.0 7.0
12.6875 0.0 0.0 7.0
12.8125 0.0 0.0 7.0
12.9375 0.0 0.0 7.0
13.0625 0.0 0.0 7.0
13.1875 0.0 0.0 7.0
13.3125 0.0 0.0 7.0
13.4375 0.0 0.0 7.0
13.5625 0.0 0.0 7.0
13.6875 0.0 0.0 7.0
13.8125 0.0 0.0 7.0
13.9375 0.0 0.0 7.0
14.0625 0.0 0.0 7.0
14.1875 0.0 0.0 7.0
14.3125 0.0 0.0 7.0
14.4375 0.0 0.0 7.0
14.5625 0.0 0.0 7.0
14.6875 0.0 0.0 7.0
14.8125 0.0 0.0 7.0
14.9375 0.0 0.0 7.0
5.0625 -2.4585036303189436 -2.056840012808713 8.0
5.1875 -1.6597454330538515 -1.9236397789552206 8.0
5.3125 -1.685141879636122 -1.8216701283360792 8.0
5.4375 -2.0318247075189575 -1.7396144829351088 8.0
5.5625 -1.725621116724521 -1.6682335341598789 8.0
5.6875 -1.6172586805419857 -1.6031726337986703 8.0
5.8125 -1.5232552019845076 -1.5469606440738712 8.0
5.9375 -1.4607516391171707 -1.4999817908931679 8.0
6.0625 -1.4180419311543884 -1.4693769360582807 8.0
6.1875 -1.395158105684107 -1.4540422230607426 8.0
6.3125 -1.4000662624515248 -1.454888983169716 8.0
6.4375 -1.430065207248326 -1.4721417124052012 8.0
6.5625 -1.476982334215587 -1.5031897453470728 8.0
6.6875 -1.5380904234548054 -1.548111479385354 8.0
6.8125 -1.6091037808962876 -1.6034842623093806 8.0
6.9375 -1.689270553025521 -1.6703661108910117 8.0
7.0625 -1.7721030029615412 -1.743727336275145 8.0
7.1875 -1.8631892177666074 -1.8243408796082683 8.0
7.3125 -1.955119448824275 -1.908670732940703 8.0
7.4375 -2.0469239487178075 -2.0022085917136327 8.0
7.5625 -2.1460564619031484 -2.0976920989966623 8.0
7.6875 -2.2591066512913733 -2.200749800124541 8.0
7.8125 -2.3837828095476175 -2.3038520387167125 8.0
7.9375 -2.5067411111449958 -2.41614318673287 8.0
8.0625 -2.609111182528688 -2.521177806601526 8.0
8.1875 -2.719727909856749 -2.6381369890855773 8.0
8.3125 -2.829297735628573 -2.7508989131075605 8.0
8.4375 -2.9371275146935445 -2.8704508507018085 8.0
8.5625 -3.0609649787054574 -3.000440238452862 8.0
8.6875 -3.2132610048404846 -3.124832578073295 8.0
8.8125 -3.4276865767624436 -3.285253099594042 8.0
8.9375 -3.6279567786619897 -3.4349775541645364 8.0
9.0625 -3.8762767428959415 -3.6269273394080654 8.0
9.1875 -4.182587677583263 -3.821261780032031 8.0
9.3125 -4.535579476209205 -4.051911810227005 8.0
9.4375 -4.9625909328285 -4.330289413415139 8.0
9.5625 -5.415352841688718 -4.610408414717138 8.0
9.6875 -5.854685535518981 -4.848219493269749 8.0
9.8125 -6.252625544191019 -5.155715531182961 8.0
9.9375 -6.6785942764633 -5.637201591305074 8.0
10.0625 0.0 -5.900443026079656 8.0
10.1875 0.0 -6.456745526846943 8.0
10.3125 0.0 -6.553655539855 8.0
10.4375 0.0 0.0 8.0
10.5625 0.0 0.0 8.0
10.6875 0.0 0.0 8.0
10.8125 0.0 0.0 8.0
10.9375 0.0 0.0 8.0
11.0625 0.0 0.0 8.0
11.1875 0.0 0.0 8.0
11.3125 0.0 0.0 8.0
11.4375 0.0 0.0 8.0
11.5625 0.0 0.0 8.0
11.6875 0.0 0.0 8.0
11.8125 0.0 0.0 8.0
11.9375 0.0 0.0 8.0
12.0625 0.0 0.0 8.0
12.1875 0.0 0.0 8.0
12.3125 0.0 0.0 8.0
12.4375 0.0 0.0 8.0
12.5625 0.0 0.0 8.0
12.6875 0.0 0.0 8.0
12.8125 0.0 0.0 8.0
12.9375 0.0 0.0 8.0
13.0625 0.0 0.0 8.0
13.1875 0.0 0.0 8.0
13.3125 0.0 0.0 8.0
13.4375 0.0 0.0 8.0
13.5625 0.0 0.0 8.0
13.6875 0.0 0.0 8.0
13.8125 0.0 0.0 8.0
13.9375 0.0 0.0 8.0
14.0625 0.0 0.0 8.0
14.1875 0.0 0.0 8.0
14.3125 0.0 0.0 8.0
14.4375 0.0 0.0 8.0
14.5625 0.0 0.0 8.0
14.6875 0.0 0.0 8.0
14.8125 0.0 0.0 8.0
14.9375 0.0 0.0 8.0
5.0625 -2.8638141307174947 -2.3340972083077753 9.0
5.1875 -2.0958720136383806 -2.1967027746069188 9.0
5.3125 -1.7684503153987867 -2.101658146772039 9.0
5.4375 -2.1917247657950836 -2.027497256208931 9.0
5.5625 -2.369958731220319 -1.9656304702221663 9.0
5.6875 -1.8368615816402212 -1.9069578085556649 9.0
5.8125 -1.8578412651439808 -1.8514835889972883 9.0
5.9375 -1.764895191849666 -1.8032590114522176 9.0
6.0625 -1.7186168991558526 -1.7702898043373863 9.0
6.1875 -1.693617150047806 -1.7528165051684792 9.0
6.3125 -1.6944556768215675 -1.7510938841108115 9.0
6.4375 -1.7200001354206125 -1.7669041177094384 9.0
6.5625 -1.767267956220242 -1.798409723636866 9.0
6.6875 -1.8322798488732235 -1.8451666537336258 9.0
6.8125 -1.9067863974641936 -1.9035861181059508 9.0
6.9375 -1.9926078497768662 -1.9712711223679862 9.0
7.0625 -2.0863249682984297 -2.0497967908965893 9.0
7.1875 -2.185280317094464 -2.1376769622044622 9.0
7.3125 -2.285780120536102 -2.234247558180519 9.0
7.4375 -2.3909044925272243 -2.3325022179002945 9.0
7.5625 -2.504098357088 -2.43892782548319 9.0
7.6875 -2.6244026996668675 -2.54531091060231 9.0
7.8125 -2.7454783391989155 -2.6623969229508604 9.0
7.9375 -2.8733653622598734 -2.780545922331327 9.0
8.0625 -2.9948570005029707 -2.9023048263925944 9.0
8.1875 -3.1371814607547788 -3.032027189515376 9.0
8.3125 -3.2805963657203936 -3.161794572381675 9.0
8.4375 -3.4083814215670567 -3.2942408623257933 9.0
8.5625 -3.539975842563807 -3.4325062207778503 9.0
8.6875 -3.6870728627914504 -3.5848224949645697 9.0
8.8125 -3.886669821525339 -3.7375800327577298 9.0
8.9375 -4.157020372871306 -3.9164160520560696 9.0
9.0625 -4.496750688518527 -4.121488270412411 9.0
9.1875 -4.902862500203069 -4.360530941500538 9.0
9.3125 -5.304457182463887 -4.615386056392088 9.0
9.4375 -5.7243517670239745 -4.915166282900362 9.0
9.5625 -6.456745526846943 -5.211232859032793 9.0
9.6875 0.0 -5.6785942764633 9.0
9.8125 0.0 -5.951595548527037 9.0
9.9375 0.0 -6.3775642807993185 9.0
10.0625 0.0 0.0 9.0
10.1875 0.0 0.0 9.0
10.3125 0.0 0.0 9.0
10.4375 0.0 0.0 9.0
10.5625 0.0 0.0 9.0
10.6875 0.0 0.0 9.0
10.8125 0.0 0.0 9.0
10.9375 0.0 0.0 9.0
11.0625 0.0 0.0 9.0
11.1875 0.0 0.0 9.0
11.3125 0.0 0.0 9.0
11.4375 0.0 0.0 9.0
11.5625 0.0 0.0 9.0
11.6875 0.0 0.0 9.0
11.8125 0.0 0.0 9.0
11.9375 0.0 0.0 9.0
12.0625 0.0 0.0 9.0
12.1875 0.0 0.0 9.0
12.3125 0.0 0.0 9.0
12.4375 0.0 0.0 9.0
12.5625 0.0 0.0 9.0
12.6875 0.0 0.0 9.0
12.8125 0.0 0.0 9.0
12.9375 0.0 0.0 9.0
13.0625 0.0 0.0 9.0
13.1875 0.0 0.0 9.0
13.3125 0.0 0.0 9.0
13.4375 0.0 0.0 9.0
13.5625 0.0 0.0 9.0
13.6875 0.0 0.0 9.0
13.8125 0.0 0.0 9.0
13.9375 0.0 0.0 9.0
14.0625 0.0 0.0 9.0
14.1875 0.0 0.0 9.0
14.3125 0.0 0.0 9.0
14.4375 0.0 0.0 9.0
14.5625 0.0 0.0 9.0
14.6875 0.0 0.0 9.0
14.8125 0.0 0.0 9.0
14.9375 0.0 0.0 9.0
5.0625 -3.2743879470824107 -2.607793215365382 10.0
5.1875 -2.4723352412540165 -2.476987794372138 10.0
5.3125 -1.9582034110780346 -2.3872698346708794 10.0
5.4375 -2.439728891503314 -2.329951976332464 10.0
5.5625 -2.8059524871950123 -2.2800640285676317 10.0
5.6875 -2.264267283079222 -2.2299806983776778 10.0
5.8125 -2.1674732699129255 -2.177608087813533 10.0
5.9375 -2.084441225034055 -2.1283006821894843 10.0
6.0625 -2.0408511156821785 -2.0946628472995754 10.0
6.1875 -2.014526098917762 -2.072510426123905 10.0
6.3125 -2.0112627562101983 -2.071446763947925 10.0
6.4375 -2.0316060024075298 -2.0855889666754015 10.0
6.5625 -2.0778463869057937 -2.1135024100814386 10.0
6.6875 -2.1477459698110812 -2.161455584188196 10.0
6.8125 -2.228709799993313 -2.2218791258947066 10.0
6.9375 -2.320977012279121 -2.294886600151206 10.0
7.0625 -2.4160245432457494 -2.3774774305876694 10.0
7.1875 -2.5241703033486527 -2.4713819334560005 10.0
7.3125 -2.6364389558506782 -2.5777529264779573 10.0
7.4375 -2.749976553678712 -2.6839545661811215 10.0
7.5625 -2.8762767428959415 -2.7944033060806346 10.0
7.6875 -3.0028159347892145 -2.912603038394796 10.0
7.8125 -3.136474580787111 -3.035602459775278 10.0
7.9375 -3.275817206852952 -3.1622793006853502 10.0
8.0625 -3.428336961731473 -3.310555453531016 10.0
8.1875 -3.5786835455569306 -3.4428975309751118 10.0
8.3125 -3.725963251180554 -3.5940179985289684 10.0
8.4375 -3.8852696231649992 -3.7385761214556363 10.0
8.5625 -4.053281825501625 -3.8894838344930687 10.0
8.6875 -4.214204098548559 -4.063697060430165 10.0
8.8125 -4.438045028180699 -4.2483041704083755 10.0
8.9375 -4.730833894551895 -4.455011814037943 10.0
9.0625 -5.069355700508214 -4.612890104223782 10.0
9.1875 -5.4655194511544485 -4.893264441452533 10.0
9.3125 -6.201473021743637 -5.134526232113024 10.0
9.4375 -6.456745526846943 -5.502503017407618 10.0
9.5625 0.0 -5.757775522510924 10.0
9.6875 0.0 -6.155715531182961 10.0
9.8125 0.0 -6.3775642807993185 10.0
9.9375 0.0 -6.6785942764633 10.0
10.0625 0.0 -7.155715531182961 10.0
10.1875 0.0 0.0 10.0
10.3125 0.0 0.0 10.0
10.4375 0.0 0.0 10.0
10.5625 0.0 0.0 10.0
10.6875 0.0 0.0 10.0
10.8125 0.0 0.0 10.0
10.9375 0.0 0.0 10.0
11.0625 0.0 0.0 10.0
11.1875 0.0 0.0 10.0
11.3125 0.0 0.0 10.0
11.4375 0.0 0.0 10.0
11.5625 0.0 0.0 10.0
11.6875 0.0 0.0 10.0
11.8125 0.0 0.0 10.0
11.9375 0.0 0.0 10.0
12.0625 0.0 0.0 10.0
12.1875 0.0 0.0 10.0
12.3125 0.0 0.0 10.0
12.4375 0.0 0.0 10.0
12.5625 0.0 0.0 10.0
12.6875 0.0 0.0 10.0
12.8125 0.0 0.0 10.0
12.9375 0.0 0.0 10.0
13.0625 0.0 0.0 10.0
13.1875 0.0 0.0 10.0
13.3125 0.0 0.0 10.0
13.4375 0.0 0.0 10.0
13.5625 0.0 0.0 10.0
13.6875 0.0 0.0 10.0
13.8125 0.0 0.0 10.0
13.9375 0.0 0.0 10.0
14.0625 0.0 0.0 10.0
14.1875 0.0 0.0 10.0
14.3125 0.0 0.0 10.0
14.4375 0.0 0.0 10.0
14.5625 0.0 0.0 10.0
14.6875 0.0 0.0 10.0
14.8125 0.0 0.0 10.0
14.9375 0.0 0.0 10.0
