#UV mag vs halo mass relation at redshift z=6
9.375 -13.431322574615479 -0.33287954330444336 0.987947940826416 6
9.625 -13.831360340118408 -0.5129151344299316 0.9484000205993652 6
9.875 -14.738332271575928 -0.6306366920471191 1.0835785865783691 6
10.125 -15.885571479797363 -0.6380529403686523 1.1286392211914062 6
10.375 -17.031049728393555 -0.6348991394042969 1.1984586715698242 6
10.625 -18.030871391296387 -0.6207456588745117 1.3838624954223633 6
10.875 -18.466262817382812 -0.7696075439453125 1.6860733032226562 6
11.125 -18.6992244720459 -1.0319709777832031 1.8436603546142578 6
11.375 -18.90853977203369 -1.2651338577270508 1.926386833190918 6
11.625 -19.133317947387695 -1.4244136810302734 1.9474029541015625 6
11.875 -19.38018226623535 -1.5651168823242188 2.123565673828125 6
12.125 -19.708959579467773 -1.5177936553955078 2.3433971405029297 6
12.375 -19.96716022491455 -2.0427122116088867 1.8687772750854492 6
#UV mag vs halo mass relation at redshift z=8
9.375 -14.28753662109375 -0.37076473236083984 0.9760675430297852 8
9.625 -14.714577674865723 -0.5148954391479492 0.9723262786865234 8
9.875 -15.620661735534668 -0.6090593338012695 1.1151046752929688 8
10.125 -16.714561462402344 -0.6141071319580078 1.141183853149414 8
10.375 -17.75113868713379 -0.5951118469238281 1.2193756103515625 8
10.625 -18.57456398010254 -0.6390399932861328 1.4115562438964844 8
10.875 -18.921306610107422 -0.8537082672119141 1.727691650390625 8
11.125 -19.042762756347656 -1.0869159698486328 1.9701251983642578 8
11.375 -19.170196533203125 -1.3488597869873047 1.8418140411376953 8
11.625 -19.3435640335083 -1.4324846267700195 1.9408578872680664 8
11.875 -19.788284301757812 -1.3770198822021484 1.9946880340576172 8
#UV mag vs halo mass relation at redshift z=10
9.375 -14.762849807739258 -0.5957002639770508 0.9817333221435547 10
9.625 -15.367361068725586 -0.5241489410400391 1.155233383178711 10
9.875 -16.25918960571289 -0.5858287811279297 1.1884212493896484 10
10.125 -17.25953769683838 -0.5879297256469727 1.1919240951538086 10
10.375 -18.161063194274902 -0.5921869277954102 1.2280607223510742 10
10.625 -18.890872955322266 -0.6319866180419922 1.3680038452148438 10
10.875 -19.248340606689453 -0.8782444000244141 1.5060768127441406 10
11.125 -19.698307991027832 -0.8313436508178711 1.9590463638305664 10
11.375 -19.90434169769287 -0.755467414855957 1.2270631790161133 10
#UV mag vs halo mass relation at redshift z=13
9.375 -14.992871284484863 -0.9214763641357422 0.8712472915649414 13
9.625 -15.791227340698242 -0.6029186248779297 1.3240795135498047 13
9.875 -16.70979881286621 -0.5922374725341797 1.382674217224121 13
10.125 -17.621063232421875 -0.5615329742431641 1.2112007141113281 13
10.375 -18.36125946044922 -0.6020622253417969 1.2690391540527344 13
10.625 -18.994462966918945 -0.6164455413818359 1.0059471130371094 13
10.875 -19.551546096801758 -0.8247756958007812 1.2312259674072266 13
#UV mag vs halo mass relation at redshift z=15
9.375 -15.08268928527832 -0.9738807678222656 0.874420166015625 15
9.625 -15.502776145935059 -1.1292924880981445 1.0035371780395508 15
9.875 -16.81218147277832 -0.6426715850830078 1.4908790588378906 15
10.125 -17.769601821899414 -0.49663734436035156 1.3707599639892578 15
10.375 -18.593214988708496 -0.42813777923583984 1.1422948837280273 15
#UV mag vs halo mass relation at redshift z=17
9.375 -15.002456188201904 -0.18358469009399414 0.6743054389953613 17
9.625 -15.341100692749023 -1.3106765747070312 1.3120050430297852 17
9.875 -17.033187866210938 -0.4516944885253906 0.9120349884033203 17
