#UV mag vs halo mass relation at redshift 6  binned by UV mag
-30.597056656574278 0.0 0.0 0.0 6
-30.097056656574278 0.0 0.0 0.0 6
-29.597056656574278 0.0 0.0 0.0 6
-29.097056656574278 0.0 0.0 0.0 6
-28.597056656574278 0.0 0.0 0.0 6
-28.097056656574278 0.0 0.0 0.0 6
-27.597056656574278 0.0 0.0 0.0 6
-27.097056656574278 0.0 0.0 0.0 6
-26.597056656574278 0.0 0.0 0.0 6
-26.097056656574278 0.0 0.0 0.0 6
-25.597056656574278 0.0 0.0 0.0 6
-25.097056656574278 0.0 0.0 0.0 6
-24.597056656574278 0.0 0.0 0.0 6
-24.097056656574278 0.0 0.0 0.0 6
-23.597056656574278 0.0 0.0 0.0 6
-23.097056656574278 0.0 0.0 0.0 6
-22.597056656574278 0.0 0.0 0.0 6
-22.097056656574278 11.835914611816406 0.24257373809814453 0.2843942642211914 6
-21.597056656574278 11.778014183044434 0.18990612030029297 0.171478271484375 6
-21.097056656574278 11.549601554870605 0.22089099884033203 0.1961374282836914 6
-20.597056656574278 11.351385116577148 0.20502948760986328 0.22027206420898438 6
-20.097056656574278 11.162549018859863 0.1876983642578125 0.22566509246826172 6
-19.597056656574278 10.975569725036621 0.17144203186035156 0.2119579315185547 6
-19.097056656574278 10.796592712402344 0.129302978515625 0.205474853515625 6
-18.597056656574278 10.658426284790039 0.10405826568603516 0.20168781280517578 6
-18.097056656574278 10.536955833435059 0.09691047668457031 0.19539642333984375 6
-17.597056656574278 10.422419548034668 0.09434795379638672 0.17005348205566406 6
-17.097056656574278 10.311803817749023 0.0919647216796875 0.14518070220947266 6
-16.597056656574278 10.203133583068848 0.0947866439819336 0.13127803802490234 6
-16.097056656574278 10.097622871398926 0.0969095230102539 0.11809921264648438 6
-15.597056656574278 9.98692512512207 0.10219573974609375 0.12142181396484375 6
-15.097056656574278 9.875774383544922 0.10145759582519531 0.11809921264648438 6
-14.597056656574278 9.762734413146973 0.1058034896850586 0.1219949722290039 6
-14.097056656574278 9.641691207885742 0.08543014526367188 0.13262557983398438 6
-13.597056656574278 9.55626106262207 0.060698509216308594 0.14342212677001953 6
-13.097056656574278 9.55626106262207 0.10645580291748047 0.19457435607910156 6
-12.597056656574278 9.609506607055664 0.11394405364990234 0.22847938537597656 6
-12.097056656574278 9.625896453857422 0.13033390045166016 0.2498779296875 6
-11.597056656574278 9.641691207885742 0.12493896484375 0.2340831756591797 6
-11.097056656574278 9.641691207885742 0.12493896484375 0.2340831756591797 6
#UV mag vs halo mass relation at redshift 8  binned by UV mag
-30.597056656574278 0.0 0.0 0.0 8
-30.097056656574278 0.0 0.0 0.0 8
-29.597056656574278 0.0 0.0 0.0 8
-29.097056656574278 0.0 0.0 0.0 8
-28.597056656574278 0.0 0.0 0.0 8
-28.097056656574278 0.0 0.0 0.0 8
-27.597056656574278 0.0 0.0 0.0 8
-27.097056656574278 0.0 0.0 0.0 8
-26.597056656574278 0.0 0.0 0.0 8
-26.097056656574278 0.0 0.0 0.0 8
-25.597056656574278 0.0 0.0 0.0 8
-25.097056656574278 0.0 0.0 0.0 8
-24.597056656574278 0.0 0.0 0.0 8
-24.097056656574278 0.0 0.0 0.0 8
-23.597056656574278 0.0 0.0 0.0 8
-23.097056656574278 0.0 0.0 0.0 8
-22.597056656574278 0.0 0.0 0.0 8
-22.097056656574278 0.0 0.0 0.0 8
-21.597056656574278 11.549793243408203 0.5910844802856445 0.17185401916503906 8
-21.097056656574278 11.326150894165039 0.31937313079833984 0.18267059326171875 8
-20.597056656574278 11.124462127685547 0.17177486419677734 0.17728042602539062 8
-20.097056656574278 10.909700393676758 0.13997936248779297 0.18355751037597656 8
-19.597056656574278 10.738600730895996 0.10631752014160156 0.1677398681640625 8
-19.097056656574278 10.59765338897705 0.09776878356933594 0.16975116729736328 8
-18.597056656574278 10.473286628723145 0.09691047668457031 0.1574087142944336 8
-18.097056656574278 10.352895736694336 0.09390449523925781 0.14483356475830078 8
-17.597056656574278 10.235925674438477 0.09200286865234375 0.13179397583007812 8
-17.097056656574278 10.12395191192627 0.09691047668457031 0.12365913391113281 8
-16.597056656574278 10.0074462890625 0.0886373519897461 0.12158489227294922 8
-16.097056656574278 9.893503189086914 0.09691047668457031 0.1205739974975586 8
-15.597056656574278 9.785597801208496 0.09970283508300781 0.11650562286376953 8
-15.097056656574278 9.671653747558594 0.07918071746826172 0.11394405364990234 8
-14.597056656574278 9.57474422454834 0.057991981506347656 0.12493896484375 8
-14.097056656574278 9.536955833435059 0.041393280029296875 0.17609119415283203 8
-13.597056656574278 9.592473030090332 0.09691047668457031 0.2253093719482422 8
-13.097056656574278 9.625896453857422 0.10914421081542969 0.21208953857421875 8
-12.597056656574278 9.625896453857422 0.10914421081542969 0.2218494415283203 8
-12.097056656574278 9.641691207885742 0.12493896484375 0.2060546875 8
-11.597056656574278 9.641691207885742 0.12493896484375 0.2060546875 8
-11.097056656574278 9.641691207885742 0.12493896484375 0.19629478454589844 8
#UV mag vs halo mass relation at redshift 10  binned by UV mag
-30.597056656574278 0.0 0.0 0.0 10
-30.097056656574278 0.0 0.0 0.0 10
-29.597056656574278 0.0 0.0 0.0 10
-29.097056656574278 0.0 0.0 0.0 10
-28.597056656574278 0.0 0.0 0.0 10
-28.097056656574278 0.0 0.0 0.0 10
-27.597056656574278 0.0 0.0 0.0 10
-27.097056656574278 0.0 0.0 0.0 10
-26.597056656574278 0.0 0.0 0.0 10
-26.097056656574278 0.0 0.0 0.0 10
-25.597056656574278 0.0 0.0 0.0 10
-25.097056656574278 0.0 0.0 0.0 10
-24.597056656574278 0.0 0.0 0.0 10
-24.097056656574278 0.0 0.0 0.0 10
-23.597056656574278 0.0 0.0 0.0 10
-23.097056656574278 0.0 0.0 0.0 10
-22.597056656574278 0.0 0.0 0.0 10
-22.097056656574278 0.0 0.0 0.0 10
-21.597056656574278 0.0 0.0 0.0 10
-21.097056656574278 10.66524887084961 0.09596729278564453 0.46479129791259766 10
-20.597056656574278 10.943878173828125 0.15716838836669922 0.20969581604003906 10
-20.097056656574278 10.75682544708252 0.124542236328125 0.13927555084228516 10
-19.597056656574278 10.601073265075684 0.12778663635253906 0.1325359344482422 10
-19.097056656574278 10.473286628723145 0.11440086364746094 0.14612770080566406 10
-18.597056656574278 10.34066104888916 0.1047353744506836 0.13262557983398438 10
-18.097056656574278 10.211565971374512 0.09795475006103516 0.1352558135986328 10
-17.597056656574278 10.09216022491455 0.09828662872314453 0.12356185913085938 10
-17.097056656574278 9.972683906555176 0.0969095230102539 0.11394405364990234 10
-16.597056656574278 9.857291221618652 0.09455680847167969 0.11539268493652344 10
-16.097056656574278 9.738600730895996 0.08166980743408203 0.11869049072265625 10
-15.597056656574278 9.625896453857422 0.08894062042236328 0.12493896484375 10
-15.097056656574278 9.592473030090332 0.09691047668457031 0.13353919982910156 10
-14.597056656574278 9.55626106262207 0.060698509216308594 0.14342212677001953 10
-14.097056656574278 9.592473030090332 0.09691047668457031 0.19312477111816406 10
-13.597056656574278 9.609506607055664 0.09275436401367188 0.19781017303466797 10
-13.097056656574278 9.625896453857422 0.10914421081542969 0.19188594818115234 10
-12.597056656574278 9.625896453857422 0.10914421081542969 0.19188594818115234 10
-12.097056656574278 9.625896453857422 0.10914421081542969 0.19188594818115234 10
-11.597056656574278 9.625896453857422 0.10914421081542969 0.18142032623291016 10
-11.097056656574278 9.625896453857422 0.10914421081542969 0.19188594818115234 10
#UV mag vs halo mass relation at redshift 12.7  binned by UV mag
-30.597056656574278 0.0 0.0 0.0 12.7
-30.097056656574278 0.0 0.0 0.0 12.7
-29.597056656574278 0.0 0.0 0.0 12.7
-29.097056656574278 0.0 0.0 0.0 12.7
-28.597056656574278 0.0 0.0 0.0 12.7
-28.097056656574278 0.0 0.0 0.0 12.7
-27.597056656574278 0.0 0.0 0.0 12.7
-27.097056656574278 0.0 0.0 0.0 12.7
-26.597056656574278 0.0 0.0 0.0 12.7
-26.097056656574278 0.0 0.0 0.0 12.7
-25.597056656574278 0.0 0.0 0.0 12.7
-25.097056656574278 0.0 0.0 0.0 12.7
-24.597056656574278 0.0 0.0 0.0 12.7
-24.097056656574278 0.0 0.0 0.0 12.7
-23.597056656574278 0.0 0.0 0.0 12.7
-23.097056656574278 0.0 0.0 0.0 12.7
-22.597056656574278 0.0 0.0 0.0 12.7
-22.097056656574278 0.0 0.0 0.0 12.7
-21.597056656574278 0.0 0.0 0.0 12.7
-21.097056656574278 0.0 0.0 0.0 12.7
-20.597056656574278 0.0 0.0 0.0 12.7
-20.097056656574278 10.603520393371582 0.326202392578125 0.08377265930175781 12.7
-19.597056656574278 10.495562553405762 0.1337118148803711 0.11227035522460938 12.7
-19.097056656574278 10.358885765075684 0.13092899322509766 0.11440086364746094 12.7
-18.597056656574278 10.233942031860352 0.10999011993408203 0.11592674255371094 12.7
-18.097056656574278 10.097622871398926 0.09017658233642578 0.12221622467041016 12.7
-17.597056656574278 9.965385437011719 0.08961105346679688 0.11563777923583984 12.7
-17.097056656574278 9.83798599243164 0.08715057373046875 0.11997509002685547 12.7
-16.597056656574278 9.726012229919434 0.0843210220336914 0.11197376251220703 12.7
-16.097056656574278 9.609506607055664 0.07255077362060547 0.12909412384033203 12.7
-15.597056656574278 9.625896453857422 0.10914421081542969 0.1484203338623047 12.7
-15.097056656574278 9.57474422454834 0.057991981506347656 0.11115074157714844 12.7
-14.597056656574278 9.57474422454834 0.07918167114257812 0.13830280303955078 12.7
-14.097056656574278 9.592473030090332 0.07572078704833984 0.15836238861083984 12.7
-13.597056656574278 9.609506607055664 0.09275436401367188 0.17609119415283203 12.7
-13.097056656574278 9.609506607055664 0.09275436401367188 0.17609119415283203 12.7
-12.597056656574278 9.625896453857422 0.10914421081542969 0.15970134735107422 12.7
-12.097056656574278 9.609506607055664 0.09275436401367188 0.1648101806640625 12.7
-11.597056656574278 9.625896453857422 0.10914421081542969 0.13683795928955078 12.7
-11.097056656574278 9.609506607055664 0.09275436401367188 0.1413288116455078 12.7
#UV mag vs halo mass relation at redshift 15  binned by UV mag
-30.597056656574278 0.0 0.0 0.0 15
-30.097056656574278 0.0 0.0 0.0 15
-29.597056656574278 0.0 0.0 0.0 15
-29.097056656574278 0.0 0.0 0.0 15
-28.597056656574278 0.0 0.0 0.0 15
-28.097056656574278 0.0 0.0 0.0 15
-27.597056656574278 0.0 0.0 0.0 15
-27.097056656574278 0.0 0.0 0.0 15
-26.597056656574278 0.0 0.0 0.0 15
-26.097056656574278 0.0 0.0 0.0 15
-25.597056656574278 0.0 0.0 0.0 15
-25.097056656574278 0.0 0.0 0.0 15
-24.597056656574278 0.0 0.0 0.0 15
-24.097056656574278 0.0 0.0 0.0 15
-23.597056656574278 0.0 0.0 0.0 15
-23.097056656574278 0.0 0.0 0.0 15
-22.597056656574278 0.0 0.0 0.0 15
-22.097056656574278 0.0 0.0 0.0 15
-21.597056656574278 0.0 0.0 0.0 15
-21.097056656574278 0.0 0.0 0.0 15
-20.597056656574278 0.0 0.0 0.0 15
-20.097056656574278 0.0 0.0 0.0 15
-19.597056656574278 0.0 0.0 0.0 15
-19.097056656574278 0.0 0.0 0.0 15
-18.597056656574278 10.153573989868164 0.03476142883300781 0.04528045654296875 15
-18.097056656574278 10.039630889892578 0.1047353744506836 0.07918167114257812 15
-17.597056656574278 9.884729385375977 0.07741260528564453 0.10914421081542969 15
-17.097056656574278 9.774316787719727 0.10266304016113281 0.11041259765625 15
-16.597056656574278 9.671653747558594 0.0969095230102539 0.10266304016113281 15
-16.097056656574278 9.609506607055664 0.09275436401367188 0.1648101806640625 15
-15.597056656574278 9.656930923461914 0.10066986083984375 0.1173858642578125 15
-15.097056656574278 9.57474422454834 0.057991981506347656 0.08218669891357422 15
-14.597056656574278 9.592473030090332 0.07572078704833984 0.10721015930175781 15
-14.097056656574278 9.609506607055664 0.09275436401367188 0.1648101806640625 15
-13.597056656574278 9.592473030090332 0.07572078704833984 0.1205739974975586 15
-13.097056656574278 9.609506607055664 0.09275436401367188 0.11650562286376953 15
-12.597056656574278 9.617701530456543 0.08074569702148438 0.17889118194580078 15
-12.097056656574278 9.617701530456543 0.08074569702148438 0.06819343566894531 15
-11.597056656574278 9.592473030090332 0.05551719665527344 0.17026138305664062 15
-11.097056656574278 9.609506607055664 0.07255077362060547 0.11650562286376953 15
#UV mag vs halo mass relation at redshift 17  binned by UV mag
-30.597056656574278 0.0 0.0 0.0 17
-30.097056656574278 0.0 0.0 0.0 17
-29.597056656574278 0.0 0.0 0.0 17
-29.097056656574278 0.0 0.0 0.0 17
-28.597056656574278 0.0 0.0 0.0 17
-28.097056656574278 0.0 0.0 0.0 17
-27.597056656574278 0.0 0.0 0.0 17
-27.097056656574278 0.0 0.0 0.0 17
-26.597056656574278 0.0 0.0 0.0 17
-26.097056656574278 0.0 0.0 0.0 17
-25.597056656574278 0.0 0.0 0.0 17
-25.097056656574278 0.0 0.0 0.0 17
-24.597056656574278 0.0 0.0 0.0 17
-24.097056656574278 0.0 0.0 0.0 17
-23.597056656574278 0.0 0.0 0.0 17
-23.097056656574278 0.0 0.0 0.0 17
-22.597056656574278 0.0 0.0 0.0 17
-22.097056656574278 0.0 0.0 0.0 17
-21.597056656574278 0.0 0.0 0.0 17
-21.097056656574278 0.0 0.0 0.0 17
-20.597056656574278 0.0 0.0 0.0 17
-20.097056656574278 0.0 0.0 0.0 17
-19.597056656574278 0.0 0.0 0.0 17
-19.097056656574278 0.0 0.0 0.0 17
-18.597056656574278 0.0 0.0 0.0 17
-18.097056656574278 0.0 0.0 0.0 17
-17.597056656574278 9.83798599243164 0.06366920471191406 0.064117431640625 17
-17.097056656574278 9.744718551635742 0.08778762817382812 0.11257266998291016 17
-16.597056656574278 9.649311065673828 0.09305000305175781 0.14728164672851562 17
-16.097056656574278 9.617701530456543 0.061440467834472656 0.1450328826904297 17
-15.597056656574278 9.633793830871582 0.05904960632324219 0.03785991668701172 17
-15.097056656574278 9.55626106262207 0.039508819580078125 0.08543014526367188 17
-14.597056656574278 9.57474422454834 0.057991981506347656 0.03476238250732422 17
-14.097056656574278 9.55626106262207 0.039508819580078125 0.1567859649658203 17
-13.597056656574278 9.625896453857422 0.06963539123535156 0.031034469604492188 17
-13.097056656574278 0.0 0.0 0.0 17
-12.597056656574278 0.0 0.0 0.0 17
-12.097056656574278 0.0 0.0 0.0 17
-11.597056656574278 0.0 0.0 0.0 17
-11.097056656574278 0.0 0.0 0.0 17
