#UV mag vs halo mass relation at redshift 6
9.125 0.0 0.0 0.0 6
9.375 -13.431071758270264 0.33322763442993164 0.9886536598205566 6
9.625 -13.83137321472168 0.5128984451293945 0.947601318359375 6
9.875 -14.738201141357422 0.6310214996337891 1.0830745697021484 6
10.125 -15.885873794555664 0.6383628845214844 1.1282196044921875 6
10.375 -17.03194236755371 0.6352863311767578 1.198089599609375 6
10.625 -18.029906272888184 0.6231679916381836 1.3830995559692383 6
10.875 -18.46317481994629 0.7710018157958984 1.6915035247802734 6
11.125 -18.689637184143066 1.038813591003418 1.8523492813110352 6
11.375 -18.90488338470459 1.267167091369629 1.9469575881958008 6
11.625 -19.143882751464844 1.4394779205322266 1.9596843719482422 6
11.875 -19.41682720184326 1.5151338577270508 2.147597312927246 6
12.125 -19.735488891601562 1.4235057830810547 2.346212387084961 6
12.375 -19.969852447509766 1.8871879577636719 1.871469497680664 6
12.625 0.0 0.0 0.0 6
12.875 0.0 0.0 0.0 6
13.125 0.0 0.0 0.0 6
13.375 0.0 0.0 0.0 6
13.625 0.0 0.0 0.0 6
13.875 0.0 0.0 0.0 6
#UV mag vs halo mass relation at redshift 8
9.125 0.0 0.0 0.0 8
9.375 -14.287393569946289 0.3705482482910156 0.9748916625976562 8
9.625 -14.714054107666016 0.5149698257446289 0.9711313247680664 8
9.875 -15.62121868133545 0.6089906692504883 1.1152076721191406 8
10.125 -16.71371078491211 0.6145000457763672 1.141371726989746 8
10.375 -17.751399993896484 0.5939159393310547 1.2216606140136719 8
10.625 -18.577594757080078 0.6369857788085938 1.4119186401367188 8
10.875 -18.92058753967285 0.8544902801513672 1.7293052673339844 8
11.125 -19.065322875976562 1.0775260925292969 1.9433841705322266 8
11.375 -19.199661254882812 1.3193950653076172 1.8712787628173828 8
11.625 -19.38124179840088 1.3552675247192383 1.9176092147827148 8
11.875 -19.987060546875 1.178243637084961 2.1882877349853516 8
12.125 0.0 0.0 0.0 8
12.375 0.0 0.0 0.0 8
12.625 0.0 0.0 0.0 8
12.875 0.0 0.0 0.0 8
13.125 0.0 0.0 0.0 8
13.375 0.0 0.0 0.0 8
13.625 0.0 0.0 0.0 8
13.875 0.0 0.0 0.0 8
#UV mag vs halo mass relation at redshift 10
9.125 0.0 0.0 0.0 10
9.375 -14.763232231140137 0.5954494476318359 0.9735116958618164 10
9.625 -15.367795467376709 0.5240654945373535 1.1551098823547363 10
9.875 -16.25857639312744 0.588475227355957 1.1913928985595703 10
10.125 -17.259814262390137 0.5893430709838867 1.190424919128418 10
10.375 -18.16274070739746 0.5945224761962891 1.2262687683105469 10
10.625 -18.88212776184082 0.6309757232666016 1.3809661865234375 10
10.875 -19.256543159484863 0.8667421340942383 1.5135583877563477 10
11.125 -19.62820816040039 0.8978862762451172 1.9080848693847656 10
11.375 -19.90434169769287 0.755467414855957 1.2270631790161133 10
11.625 0.0 0.0 0.0 10
11.875 0.0 0.0 0.0 10
12.125 0.0 0.0 0.0 10
12.375 0.0 0.0 0.0 10
12.625 0.0 0.0 0.0 10
12.875 0.0 0.0 0.0 10
13.125 0.0 0.0 0.0 10
13.375 0.0 0.0 0.0 10
13.625 0.0 0.0 0.0 10
13.875 0.0 0.0 0.0 10
#UV mag vs halo mass relation at redshift 12.7
9.125 0.0 0.0 0.0 12.7
9.375 -14.993189811706543 0.9311981201171875 0.8750209808349609 12.7
9.625 -15.787647724151611 0.6070380210876465 1.3209538459777832 12.7
9.875 -16.71806526184082 0.5854148864746094 1.3807268142700195 12.7
10.125 -17.622404098510742 0.55963134765625 1.2111873626708984 12.7
10.375 -18.374204635620117 0.6079177856445312 1.270376205444336 12.7
10.625 -19.003828048706055 0.5995216369628906 1.0153121948242188 12.7
10.875 -19.50145149230957 0.6983089447021484 0.5690021514892578 12.7
11.125 0.0 0.0 0.0 12.7
11.375 0.0 0.0 0.0 12.7
11.625 0.0 0.0 0.0 12.7
11.875 0.0 0.0 0.0 12.7
12.125 0.0 0.0 0.0 12.7
12.375 0.0 0.0 0.0 12.7
12.625 0.0 0.0 0.0 12.7
12.875 0.0 0.0 0.0 12.7
13.125 0.0 0.0 0.0 12.7
13.375 0.0 0.0 0.0 12.7
13.625 0.0 0.0 0.0 12.7
13.875 0.0 0.0 0.0 12.7
#UV mag vs halo mass relation at redshift 15
9.125 0.0 0.0 0.0 15
9.375 -15.080391883850098 0.9761781692504883 0.7549610137939453 15
9.625 -15.5110445022583 1.1210241317749023 1.0265722274780273 15
9.875 -16.820650100708008 0.6240692138671875 1.5021629333496094 15
10.125 -17.769601821899414 0.49663734436035156 1.2120685577392578 15
10.375 -18.600215911865234 0.38722801208496094 1.1492958068847656 15
10.625 0.0 0.0 0.0 15
10.875 0.0 0.0 0.0 15
11.125 0.0 0.0 0.0 15
11.375 0.0 0.0 0.0 15
11.625 0.0 0.0 0.0 15
11.875 0.0 0.0 0.0 15
12.125 0.0 0.0 0.0 15
12.375 0.0 0.0 0.0 15
12.625 0.0 0.0 0.0 15
12.875 0.0 0.0 0.0 15
13.125 0.0 0.0 0.0 15
13.375 0.0 0.0 0.0 15
13.625 0.0 0.0 0.0 15
13.875 0.0 0.0 0.0 15
#UV mag vs halo mass relation at redshift 17
9.125 0.0 0.0 0.0 17
9.375 -15.002456188201904 0.18358469009399414 0.3276371955871582 17
9.625 -15.330350399017334 1.3214268684387207 1.3019890785217285 17
9.875 -17.034242630004883 0.47398948669433594 0.9130897521972656 17
10.125 0.0 0.0 0.0 17
10.375 0.0 0.0 0.0 17
10.625 0.0 0.0 0.0 17
10.875 0.0 0.0 0.0 17
11.125 0.0 0.0 0.0 17
11.375 0.0 0.0 0.0 17
11.625 0.0 0.0 0.0 17
11.875 0.0 0.0 0.0 17
12.125 0.0 0.0 0.0 17
12.375 0.0 0.0 0.0 17
12.625 0.0 0.0 0.0 17
12.875 0.0 0.0 0.0 17
13.125 0.0 0.0 0.0 17
13.375 0.0 0.0 0.0 17
13.625 0.0 0.0 0.0 17
13.875 0.0 0.0 0.0 17
