#UV mag vs halo mass relation at redshift z=6
9.125 -11.43247652053833 -0.47353410720825195 1.0788369178771973 6
9.375 -12.241876125335693 -0.5973381996154785 1.0362801551818848 6
9.625 -13.354029655456543 -0.6099376678466797 1.0206184387207031 6
9.875 -14.535009384155273 -0.6352367401123047 1.0222043991088867 6
10.125 -15.794906616210938 -0.6179389953613281 1.1263437271118164 6
10.375 -16.97983455657959 -0.6052923202514648 1.0921506881713867 6
10.625 -17.89980983734131 -0.616236686706543 1.0693674087524414 6
10.875 -18.559295654296875 -0.5684890747070312 0.8618431091308594 6
11.125 -18.870712280273438 -0.8659477233886719 1.090627670288086 6
11.375 -19.71268653869629 -0.8406257629394531 0.7375717163085938 6
#UV mag vs halo mass relation at redshift z=8
9.125 -12.377617835998535 -0.4448366165161133 1.1656837463378906 8
9.375 -13.222726345062256 -0.5849900245666504 1.0672993659973145 8
9.625 -14.338969707489014 -0.5883851051330566 0.997077465057373 8
9.875 -15.506043910980225 -0.5867466926574707 1.107048511505127 8
10.125 -16.667203903198242 -0.5838737487792969 0.890228271484375 8
10.375 -17.632987022399902 -0.6334142684936523 0.9987421035766602 8
10.625 -18.365100860595703 -0.7592525482177734 1.1480064392089844 8
10.875 -18.778728485107422 -0.6716842651367188 0.9886112213134766 8
#UV mag vs halo mass relation at redshift z=10
9.125 -13.05794906616211 -0.4331693649291992 1.310023307800293 10
9.375 -13.894702434539795 -0.5692486763000488 1.1074976921081543 10
9.625 -14.988720893859863 -0.5873546600341797 1.0540666580200195 10
9.875 -16.1757230758667 -0.5703306198120117 0.8565025329589844 10
10.125 -17.169913291931152 -0.687861442565918 0.7508726119995117 10
10.375 -18.092437744140625 -0.7153759002685547 0.8279170989990234 10
10.625 -18.338749885559082 -0.3454122543334961 1.2321844100952148 10
#UV mag vs halo mass relation at redshift z=13
9.125 -13.767375946044922 -0.5182409286499023 1.042851448059082 13
9.375 -14.605520248413086 -0.6118621826171875 1.3084259033203125 13
9.625 -15.685660362243652 -0.42353343963623047 0.8945808410644531 13
9.875 -16.70044708251953 -0.47953033447265625 0.7273635864257812 13
#UV mag vs halo mass relation at redshift z=15
9.125 -13.576377391815186 -0.9742169380187988 1.9478812217712402 15
9.375 -14.696523666381836 -0.6359891891479492 1.5892229080200195 15
9.625 -16.13815689086914 -0.7099876403808594 0.44155120849609375 15
#UV mag vs halo mass relation at redshift z=17
