#UV mag vs halo mass relation at redshift z=6
9.125 -11.439926624298096 -0.4653496742248535 1.056769847869873
9.375 -12.249067306518555 -0.5860509872436523 1.0100183486938477
9.625 -13.342002391815186 -0.6094708442687988 1.0629878044128418
9.875 -14.55205249786377 -0.6159849166870117 1.0238895416259766
10.125 -15.79707145690918 -0.613677978515625 1.052083969116211
10.375 -17.02947235107422 -0.5796661376953125 1.078108787536621
10.625 -18.121176719665527 -0.5645990371704102 1.2106256484985352
10.875 -18.836559295654297 -0.5807056427001953 1.6920604705810547
11.125 -18.93108367919922 -0.9829463958740234 2.196929931640625
11.375 -19.016202926635742 -0.8533458709716797 1.7022571563720703
#UV mag vs halo mass relation at redshift z=8
9.125 -12.384194374084473 -0.4403076171875 1.168222427368164
9.375 -13.236029148101807 -0.5753817558288574 1.0221638679504395
9.625 -14.331440925598145 -0.598541259765625 1.0552568435668945
9.875 -15.51542043685913 -0.5919690132141113 1.0899529457092285
10.125 -16.666088104248047 -0.5910568237304688 1.026723861694336
10.375 -17.815937995910645 -0.5286054611206055 1.1418256759643555
10.625 -18.707366943359375 -0.5802211761474609 1.2103710174560547
10.875 -19.137200355529785 -0.8401098251342773 1.2738428115844727
#UV mag vs halo mass relation at redshift z=10
9.125 -13.04682731628418 -0.4594249725341797 1.200514793395996
9.375 -13.87648057937622 -0.5854201316833496 1.1923279762268066
9.625 -14.973516464233398 -0.5851831436157227 1.2004776000976562
9.875 -16.182857513427734 -0.5392837524414062 1.0518989562988281
10.125 -17.301960945129395 -0.5115480422973633 1.4998340606689453
10.375 -18.37645435333252 -0.3395414352416992 0.7080965042114258
10.625 -19.36964702606201 -0.3463449478149414 1.1827917098999023
#UV mag vs halo mass relation at redshift z=13
9.125 -13.63980770111084 -0.6528902053833008 1.381744384765625
9.375 -14.613588333129883 -0.548710823059082 1.3345117568969727
9.625 -15.738207817077637 -0.3985319137573242 1.0131807327270508
9.875 -16.819334030151367 -0.4955482482910156 0.5295944213867188
#UV mag vs halo mass relation at redshift z=15
9.125 -13.60656452178955 -0.9775409698486328 1.553797721862793
9.375 -14.950766563415527 -0.5396833419799805 1.3100996017456055
9.625 -15.8687105178833 -0.7102479934692383 0.6609029769897461
#UV mag vs halo mass relation at redshift z=17
