#UV mag vs halo mass relation at redshift 6  binned by UV mag
-30.597056656574278 0.0 0.0 0.0 6
-30.097056656574278 0.0 0.0 0.0 6
-29.597056656574278 0.0 0.0 0.0 6
-29.097056656574278 0.0 0.0 0.0 6
-28.597056656574278 0.0 0.0 0.0 6
-28.097056656574278 0.0 0.0 0.0 6
-27.597056656574278 0.0 0.0 0.0 6
-27.097056656574278 0.0 0.0 0.0 6
-26.597056656574278 0.0 0.0 0.0 6
-26.097056656574278 0.0 0.0 0.0 6
-25.597056656574278 0.0 0.0 0.0 6
-25.097056656574278 0.0 0.0 0.0 6
-24.597056656574278 0.0 0.0 0.0 6
-24.097056656574278 0.0 0.0 0.0 6
-23.597056656574278 0.0 0.0 0.0 6
-23.097056656574278 0.0 0.0 0.0 6
-22.597056656574278 11.897221565246582 0.4124317169189453 0.3872518539428711 6
-22.097056656574278 11.925799369812012 0.5129938125610352 0.18529319763183594 6
-21.597056656574278 11.72754192352295 0.3023042678833008 0.22711181640625 6
-21.097056656574278 11.574291229248047 0.22838878631591797 0.2163991928100586 6
-20.597056656574278 11.412805557250977 0.20839691162109375 0.21501731872558594 6
-20.097056656574278 11.24375057220459 0.20911121368408203 0.2207622528076172 6
-19.597056656574278 11.069014549255371 0.21266841888427734 0.22692203521728516 6
-19.097056656574278 10.889138221740723 0.19354629516601562 0.2317371368408203 6
-18.597056656574278 10.724732398986816 0.15913105010986328 0.23172855377197266 6
-18.097056656574278 10.572931289672852 0.12797832489013672 0.23119640350341797 6
-17.597056656574278 10.44980525970459 0.11225700378417969 0.2115955352783203 6
-17.097056656574278 10.331254005432129 0.10329723358154297 0.18549823760986328 6
-16.597056656574278 10.21572208404541 0.0969095230102539 0.15778827667236328 6
-16.097056656574278 10.103017807006836 0.09557151794433594 0.13290786743164062 6
-15.597056656574278 9.993873596191406 0.10037040710449219 0.11973762512207031 6
-15.097056656574278 9.884729385375977 0.11041259765625 0.11598396301269531 6
-14.597056656574278 9.762734413146973 0.1058034896850586 0.1219949722290039 6
-14.097056656574278 9.641691207885742 0.08543014526367188 0.13262557983398438 6
-13.597056656574278 9.55626106262207 0.060698509216308594 0.14342212677001953 6
-13.097056656574278 9.55626106262207 0.10645580291748047 0.19457435607910156 6
-12.597056656574278 9.592473030090332 0.09691047668457031 0.23552799224853516 6
-12.097056656574278 9.625896453857422 0.13033390045166016 0.2218494415283203 6
-11.597056656574278 9.625896453857422 0.10914421081542969 0.23139476776123047 6
-11.097056656574278 9.625896453857422 0.10914421081542969 0.2218494415283203 6
#UV mag vs halo mass relation at redshift 8  binned by UV mag
-30.597056656574278 0.0 0.0 0.0 8
-30.097056656574278 0.0 0.0 0.0 8
-29.597056656574278 0.0 0.0 0.0 8
-29.097056656574278 0.0 0.0 0.0 8
-28.597056656574278 0.0 0.0 0.0 8
-28.097056656574278 0.0 0.0 0.0 8
-27.597056656574278 0.0 0.0 0.0 8
-27.097056656574278 0.0 0.0 0.0 8
-26.597056656574278 0.0 0.0 0.0 8
-26.097056656574278 0.0 0.0 0.0 8
-25.597056656574278 0.0 0.0 0.0 8
-25.097056656574278 0.0 0.0 0.0 8
-24.597056656574278 0.0 0.0 0.0 8
-24.097056656574278 0.0 0.0 0.0 8
-23.597056656574278 0.0 0.0 0.0 8
-23.097056656574278 0.0 0.0 0.0 8
-22.597056656574278 0.0 0.0 0.0 8
-22.097056656574278 11.534381866455078 0.500370979309082 0.2085409164428711 8
-21.597056656574278 11.309144020080566 0.5071563720703125 0.40521717071533203 8
-21.097056656574278 10.993184089660645 0.3244352340698242 0.504328727722168 8
-20.597056656574278 10.953819274902344 0.34598636627197266 0.3793325424194336 8
-20.097056656574278 10.881169319152832 0.34224414825439453 0.3245105743408203 8
-19.597056656574278 10.760380744934082 0.2669944763183594 0.26984310150146484 8
-19.097056656574278 10.64785099029541 0.2177896499633789 0.23421096801757812 8
-18.597056656574278 10.514678955078125 0.180267333984375 0.21641254425048828 8
-18.097056656574278 10.373510360717773 0.14155101776123047 0.2012338638305664 8
-17.597056656574278 10.25143814086914 0.1224069595336914 0.17862319946289062 8
-17.097056656574278 10.139015197753906 0.11197376251220703 0.15588855743408203 8
-16.597056656574278 10.020607948303223 0.10179901123046875 0.1329660415649414 8
-16.097056656574278 9.902103424072266 0.0947866439819336 0.1249380111694336 8
-15.597056656574278 9.785597801208496 0.09970283508300781 0.12493896484375 8
-15.097056656574278 9.671653747558594 0.07918071746826172 0.12493896484375 8
-14.597056656574278 9.57474422454834 0.057991981506347656 0.12493896484375 8
-14.097056656574278 9.536955833435059 0.041393280029296875 0.16272735595703125 8
-13.597056656574278 9.57474422454834 0.07918167114257812 0.21085357666015625 8
-13.097056656574278 9.609506607055664 0.11394405364990234 0.19781017303466797 8
-12.597056656574278 9.625896453857422 0.10914421081542969 0.18142032623291016 8
-12.097056656574278 9.625896453857422 0.10914421081542969 0.18142032623291016 8
-11.597056656574278 9.625896453857422 0.10914421081542969 0.18142032623291016 8
-11.097056656574278 9.609506607055664 0.09275436401367188 0.19781017303466797 8
#UV mag vs halo mass relation at redshift 10  binned by UV mag
-30.597056656574278 0.0 0.0 0.0 10
-30.097056656574278 0.0 0.0 0.0 10
-29.597056656574278 0.0 0.0 0.0 10
-29.097056656574278 0.0 0.0 0.0 10
-28.597056656574278 0.0 0.0 0.0 10
-28.097056656574278 0.0 0.0 0.0 10
-27.597056656574278 0.0 0.0 0.0 10
-27.097056656574278 0.0 0.0 0.0 10
-26.597056656574278 0.0 0.0 0.0 10
-26.097056656574278 0.0 0.0 0.0 10
-25.597056656574278 0.0 0.0 0.0 10
-25.097056656574278 0.0 0.0 0.0 10
-24.597056656574278 0.0 0.0 0.0 10
-24.097056656574278 0.0 0.0 0.0 10
-23.597056656574278 0.0 0.0 0.0 10
-23.097056656574278 0.0 0.0 0.0 10
-22.597056656574278 0.0 0.0 0.0 10
-22.097056656574278 0.0 0.0 0.0 10
-21.597056656574278 10.726004600524902 0.11649799346923828 0.13970088958740234 10
-21.097056656574278 10.640137672424316 0.13597488403320312 0.19388198852539062 10
-20.597056656574278 10.560955047607422 0.16230201721191406 0.3325481414794922 10
-20.097056656574278 10.509451866149902 0.1687908172607422 0.3626880645751953 10
-19.597056656574278 10.43508243560791 0.17236328125 0.3311595916748047 10
-19.097056656574278 10.393190383911133 0.1943359375 0.2667255401611328 10
-18.597056656574278 10.301742553710938 0.18292999267578125 0.2312469482421875 10
-18.097056656574278 10.203133583068848 0.15734195709228516 0.2009143829345703 10
-17.597056656574278 10.086627960205078 0.13621997833251953 0.18345165252685547 10
-17.097056656574278 9.972683906555176 0.11539268493652344 0.16136837005615234 10
-16.597056656574278 9.857291221618652 0.10645580291748047 0.14342212677001953 10
-16.097056656574278 9.738600730895996 0.0969095230102539 0.13717365264892578 10
-15.597056656574278 9.625896453857422 0.06963539123535156 0.13683795928955078 10
-15.097056656574278 9.592473030090332 0.07572078704833984 0.1205739974975586 10
-14.597056656574278 9.55626106262207 0.060698509216308594 0.11539268493652344 10
-14.097056656574278 9.592473030090332 0.09691047668457031 0.17026138305664062 10
-13.597056656574278 9.609506607055664 0.09275436401367188 0.1648101806640625 10
-13.097056656574278 9.609506607055664 0.09275436401367188 0.1648101806640625 10
-12.597056656574278 9.609506607055664 0.09275436401367188 0.1648101806640625 10
-12.097056656574278 9.609506607055664 0.09275436401367188 0.1648101806640625 10
-11.597056656574278 9.592473030090332 0.07572078704833984 0.17026138305664062 10
-11.097056656574278 9.592473030090332 0.07572078704833984 0.17026138305664062 10
#UV mag vs halo mass relation at redshift 12.7  binned by UV mag
-30.597056656574278 0.0 0.0 0.0 12.7
-30.097056656574278 0.0 0.0 0.0 12.7
-29.597056656574278 0.0 0.0 0.0 12.7
-29.097056656574278 0.0 0.0 0.0 12.7
-28.597056656574278 0.0 0.0 0.0 12.7
-28.097056656574278 0.0 0.0 0.0 12.7
-27.597056656574278 0.0 0.0 0.0 12.7
-27.097056656574278 0.0 0.0 0.0 12.7
-26.597056656574278 0.0 0.0 0.0 12.7
-26.097056656574278 0.0 0.0 0.0 12.7
-25.597056656574278 0.0 0.0 0.0 12.7
-25.097056656574278 0.0 0.0 0.0 12.7
-24.597056656574278 0.0 0.0 0.0 12.7
-24.097056656574278 0.0 0.0 0.0 12.7
-23.597056656574278 0.0 0.0 0.0 12.7
-23.097056656574278 0.0 0.0 0.0 12.7
-22.597056656574278 0.0 0.0 0.0 12.7
-22.097056656574278 0.0 0.0 0.0 12.7
-21.597056656574278 0.0 0.0 0.0 12.7
-21.097056656574278 10.475565910339355 0.09918975830078125 0.06727218627929688 12.7
-20.597056656574278 10.367719650268555 0.09400558471679688 0.23164749145507812 12.7
-20.097056656574278 10.294903755187988 0.1091451644897461 0.2259654998779297 12.7
-19.597056656574278 10.198854446411133 0.11783123016357422 0.22356510162353516 12.7
-19.097056656574278 10.134052276611328 0.13333892822265625 0.26187801361083984 12.7
-18.597056656574278 10.063764572143555 0.12886905670166016 0.2379779815673828 12.7
-18.097056656574278 10.000713348388672 0.14342212677001953 0.21500873565673828 12.7
-17.597056656574278 9.918808937072754 0.14449214935302734 0.18420886993408203 12.7
-17.097056656574278 9.807316780090332 0.12142181396484375 0.16536712646484375 12.7
-16.597056656574278 9.71304702758789 0.10354042053222656 0.14424419403076172 12.7
-16.097056656574278 9.625896453857422 0.08894062042236328 0.13683795928955078 12.7
-15.597056656574278 9.625896453857422 0.10914421081542969 0.1484203338623047 12.7
-15.097056656574278 9.57474422454834 0.057991981506347656 0.11115074157714844 12.7
-14.597056656574278 9.57474422454834 0.07918167114257812 0.12493896484375 12.7
-14.097056656574278 9.592473030090332 0.07572078704833984 0.14612770080566406 12.7
-13.597056656574278 9.592473030090332 0.07572078704833984 0.13353919982910156 12.7
-13.097056656574278 9.592473030090332 0.07572078704833984 0.1205739974975586 12.7
-12.597056656574278 9.592473030090332 0.07572078704833984 0.13353919982910156 12.7
-12.097056656574278 9.592473030090332 0.07572078704833984 0.14612770080566406 12.7
-11.597056656574278 9.592473030090332 0.07572078704833984 0.14612770080566406 12.7
-11.097056656574278 9.592473030090332 0.07572078704833984 0.13353919982910156 12.7
#UV mag vs halo mass relation at redshift 15  binned by UV mag
-30.597056656574278 0.0 0.0 0.0 15
-30.097056656574278 0.0 0.0 0.0 15
-29.597056656574278 0.0 0.0 0.0 15
-29.097056656574278 0.0 0.0 0.0 15
-28.597056656574278 0.0 0.0 0.0 15
-28.097056656574278 0.0 0.0 0.0 15
-27.597056656574278 0.0 0.0 0.0 15
-27.097056656574278 0.0 0.0 0.0 15
-26.597056656574278 0.0 0.0 0.0 15
-26.097056656574278 0.0 0.0 0.0 15
-25.597056656574278 0.0 0.0 0.0 15
-25.097056656574278 0.0 0.0 0.0 15
-24.597056656574278 0.0 0.0 0.0 15
-24.097056656574278 0.0 0.0 0.0 15
-23.597056656574278 0.0 0.0 0.0 15
-23.097056656574278 0.0 0.0 0.0 15
-22.597056656574278 0.0 0.0 0.0 15
-22.097056656574278 0.0 0.0 0.0 15
-21.597056656574278 0.0 0.0 0.0 15
-21.097056656574278 0.0 0.0 0.0 15
-20.597056656574278 0.0 0.0 0.0 15
-20.097056656574278 0.0 0.0 0.0 15
-19.597056656574278 10.045791625976562 0.11089611053466797 0.08826065063476562 15
-19.097056656574278 9.946564674377441 0.10857868194580078 0.17738723754882812 15
-18.597056656574278 9.918808937072754 0.11149215698242188 0.13904666900634766 15
-18.097056656574278 9.83798599243164 0.12493896484375 0.2016448974609375 15
-17.597056656574278 9.762734413146973 0.12104320526123047 0.18767356872558594 15
-17.097056656574278 9.69968318939209 0.12493896484375 0.17609119415283203 15
-16.597056656574278 9.671653747558594 0.11539268493652344 0.14612865447998047 15
-16.097056656574278 9.625896453857422 0.08894062042236328 0.13683795928955078 15
-15.597056656574278 9.656930923461914 0.08218669891357422 0.12866687774658203 15
-15.097056656574278 9.55626106262207 0.039508819580078125 0.10066986083984375 15
-14.597056656574278 9.57474422454834 0.057991981506347656 0.11115074157714844 15
-14.097056656574278 9.57474422454834 0.057991981506347656 0.11115074157714844 15
-13.597056656574278 9.57474422454834 0.057991981506347656 0.11115074157714844 15
-13.097056656574278 9.592473030090332 0.07572078704833984 0.10721015930175781 15
-12.597056656574278 9.592473030090332 0.07572078704833984 0.13353919982910156 15
-12.097056656574278 9.57474422454834 0.057991981506347656 0.08218669891357422 15
-11.597056656574278 9.57474422454834 0.03778839111328125 0.11115074157714844 15
-11.097056656574278 9.592473030090332 0.07572078704833984 0.09342193603515625 15
#UV mag vs halo mass relation at redshift 17  binned by UV mag
-30.597056656574278 0.0 0.0 0.0 17
-30.097056656574278 0.0 0.0 0.0 17
-29.597056656574278 0.0 0.0 0.0 17
-29.097056656574278 0.0 0.0 0.0 17
-28.597056656574278 0.0 0.0 0.0 17
-28.097056656574278 0.0 0.0 0.0 17
-27.597056656574278 0.0 0.0 0.0 17
-27.097056656574278 0.0 0.0 0.0 17
-26.597056656574278 0.0 0.0 0.0 17
-26.097056656574278 0.0 0.0 0.0 17
-25.597056656574278 0.0 0.0 0.0 17
-25.097056656574278 0.0 0.0 0.0 17
-24.597056656574278 0.0 0.0 0.0 17
-24.097056656574278 0.0 0.0 0.0 17
-23.597056656574278 0.0 0.0 0.0 17
-23.097056656574278 0.0 0.0 0.0 17
-22.597056656574278 0.0 0.0 0.0 17
-22.097056656574278 0.0 0.0 0.0 17
-21.597056656574278 0.0 0.0 0.0 17
-21.097056656574278 0.0 0.0 0.0 17
-20.597056656574278 0.0 0.0 0.0 17
-20.097056656574278 0.0 0.0 0.0 17
-19.597056656574278 0.0 0.0 0.0 17
-19.097056656574278 9.918111801147461 0.08012580871582031 0.039849281311035156 17
-18.597056656574278 9.871009826660156 0.09669303894042969 0.047799110412597656 17
-18.097056656574278 9.774316787719727 0.13262557983398438 0.08297443389892578 17
-17.597056656574278 9.656930923461914 0.08218669891357422 0.16085147857666016 17
-17.097056656574278 9.664292335510254 0.1273365020751953 0.13230037689208984 17
-16.597056656574278 9.671653747558594 0.07918071746826172 0.12493896484375 17
-16.097056656574278 9.609506607055664 0.07255077362060547 0.1413288116455078 17
-15.597056656574278 9.633793830871582 0.05904960632324219 0.06588935852050781 17
-15.097056656574278 9.55626106262207 0.039508819580078125 0.11539268493652344 17
-14.597056656574278 9.55626106262207 0.060698509216308594 0.14342212677001953 17
-14.097056656574278 9.592473030090332 0.09691047668457031 0.07918071746826172 17
-13.597056656574278 9.536955833435059 0.020203590393066406 0.07255077362060547 17
-13.097056656574278 9.55626106262207 0.01930522918701172 0.06963539123535156 17
-12.597056656574278 9.656930923461914 0.14017868041992188 0.1058034896850586 17
-12.097056656574278 0.0 0.0 0.0 17
-11.597056656574278 0.0 0.0 0.0 17
-11.097056656574278 0.0 0.0 0.0 17
