#UV mag vs halo mass relation at redshift 6
9.125 -9.968278884887695 0.7570409774780273 1.1864194869995117 6
9.375 -11.378305435180664 0.6879005432128906 1.1442012786865234 6
9.625 -12.76869821548462 0.6551432609558105 1.1165204048156738 6
9.875 -14.139350414276123 0.6325697898864746 1.095461368560791 6
10.125 -15.481576919555664 0.6214008331298828 1.053269386291504 6
10.375 -16.73590850830078 0.576141357421875 1.0849189758300781 6
10.625 -17.659594535827637 0.6469087600708008 1.4078454971313477 6
10.875 -18.09235191345215 0.8328800201416016 1.2009963989257812 6
11.125 -18.95429229736328 0.6662425994873047 1.141561508178711 6
11.375 -19.32569122314453 0.4448509216308594 0.6772975921630859 6
11.625 -20.09857749938965 0.319732666015625 0.6992073059082031 6
11.875 0.0 0.0 0.0 6
12.125 0.0 0.0 0.0 6
12.375 0.0 0.0 0.0 6
12.625 0.0 0.0 0.0 6
12.875 0.0 0.0 0.0 6
13.125 0.0 0.0 0.0 6
13.375 0.0 0.0 0.0 6
13.625 0.0 0.0 0.0 6
13.875 0.0 0.0 0.0 6
#UV mag vs halo mass relation at redshift 8
9.125 -10.914408683776855 0.7058544158935547 1.1738061904907227 8
9.375 -12.290679931640625 0.6763668060302734 1.1364011764526367 8
9.625 -13.658300399780273 0.6167526245117188 1.0687713623046875 8
9.875 -15.01578426361084 0.6155023574829102 1.0138635635375977 8
10.125 -16.25987434387207 0.5869503021240234 1.0758905410766602 8
10.375 -17.41480255126953 0.625518798828125 1.1206130981445312 8
10.625 -18.071640014648438 0.7513866424560547 1.3124065399169922 8
10.875 -18.458690643310547 0.6698360443115234 0.9324684143066406 8
11.125 -18.966964721679688 0.5374908447265625 1.4527606964111328 8
11.375 0.0 0.0 0.0 8
11.625 0.0 0.0 0.0 8
11.875 0.0 0.0 0.0 8
12.125 0.0 0.0 0.0 8
12.375 0.0 0.0 0.0 8
12.625 0.0 0.0 0.0 8
12.875 0.0 0.0 0.0 8
13.125 0.0 0.0 0.0 8
13.375 0.0 0.0 0.0 8
13.625 0.0 0.0 0.0 8
13.875 0.0 0.0 0.0 8
#UV mag vs halo mass relation at redshift 10
9.125 -11.690897464752197 0.678429126739502 1.18607759475708 10
9.375 -13.03750228881836 0.6483650207519531 1.1454906463623047 10
9.625 -14.381978034973145 0.6118545532226562 1.249445915222168 10
9.875 -15.641007423400879 0.5808000564575195 1.0132122039794922 10
10.125 -16.760942459106445 0.5985202789306641 1.2877378463745117 10
10.375 -17.717552185058594 0.6922512054443359 0.7543525695800781 10
10.625 -18.03313636779785 0.58001708984375 0.37796974182128906 10
10.875 0.0 0.0 0.0 10
11.125 0.0 0.0 0.0 10
11.375 0.0 0.0 0.0 10
11.625 0.0 0.0 0.0 10
11.875 0.0 0.0 0.0 10
12.125 0.0 0.0 0.0 10
12.375 0.0 0.0 0.0 10
12.625 0.0 0.0 0.0 10
12.875 0.0 0.0 0.0 10
13.125 0.0 0.0 0.0 10
13.375 0.0 0.0 0.0 10
13.625 0.0 0.0 0.0 10
13.875 0.0 0.0 0.0 10
#UV mag vs halo mass relation at redshift 12.62
9.125 -12.527436256408691 0.6516504287719727 1.1845922470092773 12.62
9.375 -13.833302974700928 0.6185622215270996 1.1102404594421387 12.62
9.625 -15.118569374084473 0.6038341522216797 0.9339771270751953 12.62
9.875 -16.36220359802246 0.7973995208740234 1.017974853515625 12.62
10.125 -17.588882446289062 0.6445865631103516 0.8663768768310547 12.62
10.375 0.0 0.0 0.0 12.62
10.625 0.0 0.0 0.0 12.62
10.875 0.0 0.0 0.0 12.62
11.125 0.0 0.0 0.0 12.62
11.375 0.0 0.0 0.0 12.62
11.625 0.0 0.0 0.0 12.62
11.875 0.0 0.0 0.0 12.62
12.125 0.0 0.0 0.0 12.62
12.375 0.0 0.0 0.0 12.62
12.625 0.0 0.0 0.0 12.62
12.875 0.0 0.0 0.0 12.62
13.125 0.0 0.0 0.0 12.62
13.375 0.0 0.0 0.0 12.62
13.625 0.0 0.0 0.0 12.62
13.875 0.0 0.0 0.0 12.62
#UV mag vs halo mass relation at redshift 13
9.125 -12.631042957305908 0.6813340187072754 1.1543879508972168 13
9.375 -13.972929000854492 0.5843076705932617 1.3482770919799805 13
9.625 -15.136743068695068 0.6601853370666504 0.9734854698181152 13
9.875 -16.263874053955078 0.7517185211181641 0.8105621337890625 13
10.125 -17.209693908691406 0.3160667419433594 0.369171142578125 13
10.375 0.0 0.0 0.0 13
10.625 0.0 0.0 0.0 13
10.875 0.0 0.0 0.0 13
11.125 0.0 0.0 0.0 13
11.375 0.0 0.0 0.0 13
11.625 0.0 0.0 0.0 13
11.875 0.0 0.0 0.0 13
12.125 0.0 0.0 0.0 13
12.375 0.0 0.0 0.0 13
12.625 0.0 0.0 0.0 13
12.875 0.0 0.0 0.0 13
13.125 0.0 0.0 0.0 13
13.375 0.0 0.0 0.0 13
13.625 0.0 0.0 0.0 13
13.875 0.0 0.0 0.0 13
#UV mag vs halo mass relation at redshift 15
9.125 -13.091994285583496 0.6259918212890625 1.1144866943359375 15
9.375 -14.349726676940918 0.6303882598876953 0.3550844192504883 15
9.625 -15.842989921569824 0.682642936706543 0.6235790252685547 15
9.875 0.0 0.0 0.0 15
10.125 0.0 0.0 0.0 15
10.375 0.0 0.0 0.0 15
10.625 0.0 0.0 0.0 15
10.875 0.0 0.0 0.0 15
11.125 0.0 0.0 0.0 15
11.375 0.0 0.0 0.0 15
11.625 0.0 0.0 0.0 15
11.875 0.0 0.0 0.0 15
12.125 0.0 0.0 0.0 15
12.375 0.0 0.0 0.0 15
12.625 0.0 0.0 0.0 15
12.875 0.0 0.0 0.0 15
13.125 0.0 0.0 0.0 15
13.375 0.0 0.0 0.0 15
13.625 0.0 0.0 0.0 15
13.875 0.0 0.0 0.0 15
#UV mag vs halo mass relation at redshift 17
9.125 -13.545280456542969 0.4487485885620117 0.8150310516357422 17
9.375 -14.558945655822754 0.5907077789306641 0.3835582733154297 17
9.625 0.0 0.0 0.0 17
9.875 0.0 0.0 0.0 17
10.125 0.0 0.0 0.0 17
10.375 0.0 0.0 0.0 17
10.625 0.0 0.0 0.0 17
10.875 0.0 0.0 0.0 17
11.125 0.0 0.0 0.0 17
11.375 0.0 0.0 0.0 17
11.625 0.0 0.0 0.0 17
11.875 0.0 0.0 0.0 17
12.125 0.0 0.0 0.0 17
12.375 0.0 0.0 0.0 17
12.625 0.0 0.0 0.0 17
12.875 0.0 0.0 0.0 17
13.125 0.0 0.0 0.0 17
13.375 0.0 0.0 0.0 17
13.625 0.0 0.0 0.0 17
13.875 0.0 0.0 0.0 17

