#UV mag vs halo mass relation at redshift z=6
9.375 -13.430701732635498 -0.332608699798584 0.956723690032959 6
9.625 -13.830053329467773 -0.5117778778076172 0.9169826507568359 6
9.875 -14.738542079925537 -0.6255831718444824 1.025768756866455 6
10.125 -15.885275840759277 -0.6236162185668945 1.0272579193115234 6
10.375 -16.930259704589844 -0.6288509368896484 1.0754976272583008 6
10.625 -17.63022804260254 -0.7485084533691406 1.1982421875 6
10.875 -18.23295783996582 -0.7504405975341797 1.2014007568359375 6
11.125 -18.823213577270508 -0.7749958038330078 1.2047004699707031 6
11.375 -19.360605239868164 -0.8405723571777344 1.3686695098876953 6
11.625 -19.678302764892578 -1.0398941040039062 1.837921142578125 6
11.875 -19.942607879638672 -1.313314437866211 2.226612091064453 6
12.125 -19.66737174987793 -1.8043251037597656 1.9980144500732422 6
12.375 -20.77328872680664 -1.1109371185302734 2.8074569702148438 6
#UV mag vs halo mass relation at redshift z=8
9.375 -14.27633810043335 -0.36541032791137695 0.8028120994567871 8
9.625 -14.705886840820312 -0.5109262466430664 0.8174333572387695 8
9.875 -15.621203422546387 -0.6058778762817383 0.947270393371582 8
10.125 -16.70461368560791 -0.6301259994506836 0.9709272384643555 8
10.375 -17.51931381225586 -0.6727123260498047 0.9798717498779297 8
10.625 -18.118392944335938 -0.7511634826660156 1.0954418182373047 8
10.875 -18.55809783935547 -0.7843952178955078 1.107452392578125 8
11.125 -19.070493698120117 -0.8016986846923828 1.1879425048828125 8
11.375 -19.438522338867188 -0.9520034790039062 1.630208969116211 8
11.625 -19.30886936187744 -1.4743928909301758 1.950108528137207 8
11.875 -19.449068069458008 -1.9774932861328125 1.3173770904541016 8
#UV mag vs halo mass relation at redshift z=10
9.375 -14.765957832336426 -0.6288309097290039 0.6780920028686523 10
9.625 -15.360006332397461 -0.5385761260986328 0.8684625625610352 10
9.875 -16.259093284606934 -0.6371469497680664 0.9412097930908203 10
10.125 -17.14760112762451 -0.7169313430786133 0.9456663131713867 10
10.375 -17.7930908203125 -0.8357925415039062 1.0247116088867188 10
10.625 -18.3654146194458 -0.7946786880493164 1.0776548385620117 10
10.875 -18.873373985290527 -0.8357706069946289 1.1180944442749023 10
11.125 -19.242904663085938 -0.8316802978515625 1.2486305236816406 10
11.375 -19.794724464416504 -0.7616872787475586 0.4669008255004883 10
#UV mag vs halo mass relation at redshift z=13
9.375 -15.004766464233398 -1.0966339111328125 0.7153959274291992 13
9.625 -15.827070713043213 -0.7007632255554199 1.1201491355895996 13
9.875 -16.715904235839844 -0.7608871459960938 1.0469961166381836 13
10.125 -17.441452026367188 -0.9115982055664062 0.9343185424804688 13
10.375 -18.032968521118164 -0.8959236145019531 0.9849071502685547 13
10.625 -18.583284378051758 -0.9409694671630859 1.13134765625 13
10.875 -18.9658203125 -0.4203834533691406 0.3643360137939453 13
#UV mag vs halo mass relation at redshift z=15
9.375 -15.105630874633789 -1.2904243469238281 0.7221479415893555 15
9.625 -15.714425563812256 -1.289125919342041 0.9921507835388184 15
9.875 -16.906179428100586 -1.02783203125 1.2254047393798828 15
10.125 -17.56655979156494 -0.9075860977172852 1.2973508834838867 15
10.375 -18.337799072265625 -0.2670116424560547 0.36358642578125 15
#UV mag vs halo mass relation at redshift z=17
9.375 -15.040934562683105 -0.14525318145751953 0.46872425079345703 17
9.625 -15.610608100891113 -1.7272729873657227 1.1738758087158203 17
9.875 -17.224708557128906 -1.1873416900634766 1.617330551147461 17
