#UV LF at redshift: 6.0
#rest_Frame_mag num_Density_dust num_density_nodust num_Density_dust_diskins num_Density_dust_mergers num_Density_dust_disks
-30.597056656574278 -0.20585761906303907 -0.20585761906303907 -0.20585761906303907 -0.20585761906303907 -0.20585761906303907 6.0
-30.097056656574278 -0.20585761906303907 -0.20585761906303907 -0.20585761906303907 -0.20585761906303907 -0.20585761906303907 6.0
-29.597056656574278 -0.20585761906303907 -0.20585761906303907 -0.20585761906303907 -0.20585761906303907 -0.20585761906303907 6.0
-29.097056656574278 -0.20585761906303907 -0.20585761906303907 -0.20585761906303907 -0.20585761906303907 -0.20585761906303907 6.0
-28.597056656574278 -0.20585761906303907 -0.20585761906303907 -0.20585761906303907 -0.20585761906303907 -0.20585761906303907 6.0
-28.097056656574278 -0.20585761906303907 -0.20585761906303907 -0.20585761906303907 -0.20585761906303907 -0.20585761906303907 6.0
-27.597056656574278 -0.20585761906303907 -0.20585761906303907 -0.20585761906303907 -0.20585761906303907 -0.20585761906303907 6.0
-27.097056656574278 -0.20585761906303907 -0.20585761906303907 -0.20585761906303907 -0.20585761906303907 -0.20585761906303907 6.0
-26.597056656574278 -0.20585761906303907 -0.20585761906303907 -0.20585761906303907 -0.20585761906303907 -0.20585761906303907 6.0
-26.097056656574278 -0.20585761906303907 -0.20585761906303907 -0.20585761906303907 -0.20585761906303907 -0.20585761906303907 6.0
-25.597056656574278 -0.20585761906303907 -7.478927126277022 -0.20585761906303907 -0.20585761906303907 -0.20585761906303907 6.0
-25.097056656574278 -0.20585761906303907 -6.549508200562729 -0.20585761906303907 -0.20585761906303907 -0.20585761906303907 6.0
-24.597056656574278 -7.7799571219410035 -6.08976104191249 -0.20585761906303907 -7.7799571219410035 -0.20585761906303907 6.0
-24.097056656574278 -0.20585761906303907 -5.498923754693276 -0.20585761906303907 -0.20585761906303907 -0.20585761906303907 6.0
-23.597056656574278 -7.7799571219410035 -5.113439141386123 -7.7799571219410035 -0.20585761906303907 -0.20585761906303907 6.0
-23.097056656574278 -6.87686713494906 -4.713258571518008 -7.302835867221341 -7.478927126277022 -7.478927126277022 6.0
-22.597056656574278 -6.117199290259429 -4.3886690733457066 -6.549508200562729 -6.934859081926747 -6.549508200562729 6.0
-22.097056656574278 -5.48549089577941 -4.097812045567172 -6.1078592640052864 -6.364983773970185 -5.738564436782779 6.0
-21.597056656574278 -4.969724603945919 -3.8426398741785093 -5.669367411641755 -5.980616572487422 -5.195625897573473 6.0
-21.097056656574278 -4.468203260885249 -3.6140898535880606 -5.273452089536132 -5.659383190735154 -4.664013945001948 6.0
-20.597056656574278 -4.0056591834417254 -3.3605135814255114 -4.846976300017806 -5.2614431820631165 -4.1821522795367105 6.0
-20.097056656574278 -3.5859981439218167 -3.1409490184177633 -4.450152599776934 -4.899715346045523 -3.7725507704373324 6.0
-19.597056656574278 -3.2085627726266175 -2.9046006386649976 -4.092160710559709 -4.536919073254709 -3.3886337949669123 6.0
-19.097056656574278 -2.858187436325058 -2.6525283440894043 -3.768640478574132 -4.235516984623311 -3.024120363946672 6.0
-18.597056656574278 -2.572298523049895 -2.4539163537220414 -3.434250200662575 -3.982828134144451 -2.7353781670643906 6.0
-18.097056656574278 -2.3533482772748373 -2.297297881257668 -3.084843350598767 -3.757240141889974 -2.512163741168174 6.0
-17.597056656574278 -2.1757343098722233 -2.1049316598365415 -2.938635200182678 -3.5485130190235727 -2.3058166474071795 6.0
-17.097056656574278 -2.0006723957421357 -1.9224467218525634 -2.7835198816303848 -3.36700963135364 -2.1052456687312775 6.0
-16.597056656574278 -1.859082260766015 -1.7924919658314291 -2.642735978213878 -3.2138615428630546 -1.9247694164053417 6.0
-16.097056656574278 -1.7411423061857079 -1.683330708947853 -2.5309741301345463 -3.0732905364703553 -1.7623624858274525 6.0
-15.597056656574278 -1.6193991599782418 -1.5620795957936986 -2.430996443810459 -2.945835376780419 -1.608319875979098 6.0
-15.097056656574278 -1.493050198691832 -1.4309933325092326 -2.3598841462769578 -2.8386246117571012 -1.4836759475414567 6.0
-14.597056656574278 -1.3569200873291978 -1.2885333704583308 -2.311262790045844 -2.7416907381628963 -1.3525602828434007 6.0
-14.097056656574278 -1.2146838251389642 -1.1433366506043887 -2.2823447576660687 -2.6490061289940465 -1.2120174621379922 6.0
-13.597056656574278 -1.2297324389956303 -1.1934813305046736 -2.2551729697975906 -2.544029913226601 -1.220670676536792 6.0
-13.097056656574278 -1.6344505718400573 -1.802836919239299 -2.2160348466563127 -2.4157533257202974 -1.6175340185197289 6.0
-12.597056656574278 -1.9782009051594853 -2.6091558082223676 -2.164620563161666 -2.312323862039201 -1.9573399370490279 6.0
-12.097056656574278 -2.1744829171012263 -3.295913663195093 -2.131765981867149 -2.277581901882453 -2.1521541181112545 6.0
-11.597056656574278 -2.3092556306211325 -3.5968866723110455 -2.157988819530419 -2.3242460612026195 -2.279900496540395 6.0
-11.097056656574278 -2.42093789364833 -3.712031172259482 -2.1718131359882893 -2.4611094249132695 -2.381151125451706 6.0
-30.597056656574278 -0.20585761906303907 -0.20585761906303907 -0.20585761906303907 -0.20585761906303907 -0.20585761906303907 8.0
-30.097056656574278 -0.20585761906303907 -0.20585761906303907 -0.20585761906303907 -0.20585761906303907 -0.20585761906303907 8.0
-29.597056656574278 -0.20585761906303907 -0.20585761906303907 -0.20585761906303907 -0.20585761906303907 -0.20585761906303907 8.0
-29.097056656574278 -0.20585761906303907 -0.20585761906303907 -0.20585761906303907 -0.20585761906303907 -0.20585761906303907 8.0
-28.597056656574278 -0.20585761906303907 -0.20585761906303907 -0.20585761906303907 -0.20585761906303907 -0.20585761906303907 8.0
-28.097056656574278 -0.20585761906303907 -0.20585761906303907 -0.20585761906303907 -0.20585761906303907 -0.20585761906303907 8.0
-27.597056656574278 -0.20585761906303907 -0.20585761906303907 -0.20585761906303907 -0.20585761906303907 -0.20585761906303907 8.0
-27.097056656574278 -0.20585761906303907 -0.20585761906303907 -0.20585761906303907 -0.20585761906303907 -0.20585761906303907 8.0
-26.597056656574278 -0.20585761906303907 -0.20585761906303907 -0.20585761906303907 -0.20585761906303907 -0.20585761906303907 8.0
-26.097056656574278 -0.20585761906303907 -0.20585761906303907 -0.20585761906303907 -0.20585761906303907 -0.20585761906303907 8.0
-25.597056656574278 -0.20585761906303907 -0.20585761906303907 -0.20585761906303907 -0.20585761906303907 -0.20585761906303907 8.0
-25.097056656574278 -0.20585761906303907 -7.7799571219410035 -0.20585761906303907 -0.20585761906303907 -0.20585761906303907 8.0
-24.597056656574278 -0.20585761906303907 -7.302835867221341 -0.20585761906303907 -0.20585761906303907 -0.20585761906303907 8.0
-24.097056656574278 -0.20585761906303907 -6.7799571219410035 -0.20585761906303907 -0.20585761906303907 -0.20585761906303907 8.0
-23.597056656574278 -0.20585761906303907 -5.994627286930236 -0.20585761906303907 -0.20585761906303907 -0.20585761906303907 8.0
-23.097056656574278 -0.20585761906303907 -5.549508200562729 -0.20585761906303907 -0.20585761906303907 -0.20585761906303907 8.0
-22.597056656574278 -7.080987117604985 -5.082727779181286 -7.177897130613041 -0.20585761906303907 -7.7799571219410035 8.0
-22.097056656574278 -6.5758371392850785 -4.6480178267305785 -7.00180587155736 -7.177897130613041 -7.00180587155736 8.0
-21.597056656574278 -5.719259281587392 -4.245043017511136 -6.1365044454548165 -6.524684616837698 -6.200173525324193 8.0
-21.097056656574278 -5.232182416553181 -3.923228231558121 -5.55724065079342 -6.146488666361417 -5.7713569501790865 8.0
-20.597056656574278 -4.5629999145799065 -3.6487235273513186 -4.918422711081966 -5.666013769634167 -5.051603339919775 8.0
-20.097056656574278 -4.096459804261192 -3.3987156537451417 -4.504876223484144 -5.251040421663349 -4.545186826780087 8.0
-19.597056656574278 -3.6408655144171806 -3.1592902399829192 -4.1313044268097805 -4.836462606034901 -4.057734657971274 8.0
-19.097056656574278 -3.266632959614671 -2.967618750763907 -3.82847389118871 -4.51137915005816 -3.642571357607033 8.0
-18.597056656574278 -2.945549135707221 -2.778773113442652 -3.522710657033632 -4.177354601520747 -3.2855798698905607 8.0
-18.097056656574278 -2.6585318872273858 -2.5753759463634323 -3.201719160780372 -3.885474906930913 -2.979838297613483 8.0
-17.597056656574278 -2.4256911354994983 -2.375989437552633 -2.958561517548876 -3.6450790767458745 -2.710019062128608 8.0
-17.097056656574278 -2.249971420931759 -2.1888279323321918 -2.7915943999155255 -3.4652263880962204 -2.456381226905086 8.0
-16.597056656574278 -2.097904151044718 -2.030823208669702 -2.689709653082164 -3.3406402209244996 -2.2228904530313125 8.0
-16.097056656574278 -1.944570345812525 -1.874033939117516 -2.5840187443618685 -3.249450067403859 -2.002527399431279 8.0
-15.597056656574278 -1.7830568600773207 -1.7125629912946172 -2.4845043829232027 -3.1878247959208883 -1.7940288270028493 8.0
-15.097056656574278 -1.6337983765244841 -1.5650632269861484 -2.4050548760445434 -3.126185211256269 -1.6359922878893176 8.0
-14.597056656574278 -1.5858517366180376 -1.542270150560018 -2.3282827273596434 -3.0340161679227 -1.5605352901736982 8.0
-14.097056656574278 -1.8907058565612553 -2.0064676194612403 -2.255010852591318 -2.9207467485560406 -1.7970123502332793 8.0
-13.597056656574278 -2.3283779081256695 -2.9341337956846436 -2.206402101996935 -2.8421935669740215 -2.2426431091166084 8.0
-13.097056656574278 -2.5807561332626223 -3.7943061482500546 -2.3824446694313064 -2.8387091285444317 -2.4891503759141136 8.0
-12.597056656574278 -2.732129513927495 -4.182591071674976 -2.4089465533586747 -2.905446313588217 -2.633915953846194 8.0
-12.097056656574278 -2.8576521524252296 -4.375636654719273 -2.421268628291622 -2.9915553979020375 -2.743819480614624 8.0
-11.597056656574278 -2.9784024985168474 -4.571247102034603 -2.5078554810649143 -3.053115854295833 -2.839276313536687 8.0
-11.097056656574278 -3.0943049378254788 -4.724961260411861 -2.563250338560872 -3.0752747913656924 -2.929059815851021 8.0
#UV LF at redshift: 10.0
#rest_Frame_mag num_Density_dust num_density_nodust num_Density_dust_diskins num_Density_dust_mergers num_Density_dust_disks
-30.597056656574278 -0.20585761906303907 -0.20585761906303907 -0.20585761906303907 -0.20585761906303907 -0.20585761906303907 10.0
-30.097056656574278 -0.20585761906303907 -0.20585761906303907 -0.20585761906303907 -0.20585761906303907 -0.20585761906303907 10.0
-29.597056656574278 -0.20585761906303907 -0.20585761906303907 -0.20585761906303907 -0.20585761906303907 -0.20585761906303907 10.0
-29.097056656574278 -0.20585761906303907 -0.20585761906303907 -0.20585761906303907 -0.20585761906303907 -0.20585761906303907 10.0
-28.597056656574278 -0.20585761906303907 -0.20585761906303907 -0.20585761906303907 -0.20585761906303907 -0.20585761906303907 10.0
-28.097056656574278 -0.20585761906303907 -0.20585761906303907 -0.20585761906303907 -0.20585761906303907 -0.20585761906303907 10.0
-27.597056656574278 -0.20585761906303907 -0.20585761906303907 -0.20585761906303907 -0.20585761906303907 -0.20585761906303907 10.0
-27.097056656574278 -0.20585761906303907 -0.20585761906303907 -0.20585761906303907 -0.20585761906303907 -0.20585761906303907 10.0
-26.597056656574278 -0.20585761906303907 -0.20585761906303907 -0.20585761906303907 -0.20585761906303907 -0.20585761906303907 10.0
-26.097056656574278 -0.20585761906303907 -0.20585761906303907 -0.20585761906303907 -0.20585761906303907 -0.20585761906303907 10.0
-25.597056656574278 -0.20585761906303907 -0.20585761906303907 -0.20585761906303907 -0.20585761906303907 -0.20585761906303907 10.0
-25.097056656574278 -0.20585761906303907 -0.20585761906303907 -0.20585761906303907 -0.20585761906303907 -0.20585761906303907 10.0
-24.597056656574278 -0.20585761906303907 -0.20585761906303907 -0.20585761906303907 -0.20585761906303907 -0.20585761906303907 10.0
-24.097056656574278 -0.20585761906303907 -7.478927126277022 -0.20585761906303907 -0.20585761906303907 -0.20585761906303907 10.0
-23.597056656574278 -0.20585761906303907 -7.7799571219410035 -0.20585761906303907 -0.20585761906303907 -0.20585761906303907 10.0
-23.097056656574278 -0.20585761906303907 -6.666013769634167 -0.20585761906303907 -0.20585761906303907 -0.20585761906303907 10.0
-22.597056656574278 -0.20585761906303907 -5.850538196226711 -0.20585761906303907 -0.20585761906303907 -0.20585761906303907 10.0
-22.097056656574278 -6.934859081926747 -5.307200672623791 -6.934859081926747 -0.20585761906303907 -0.20585761906303907 10.0
-21.597056656574278 -6.288595428106731 -4.822349834880908 -6.399745880229398 -7.177897130613041 -7.7799571219410035 10.0
-21.097056656574278 -5.666013769634167 -4.509045482530523 -5.7799571219410035 -6.666013769634167 -7.080987117604985 10.0
-20.597056656574278 -5.161909025228911 -4.237505174565027 -5.320564634181773 -6.1365044454548165 -6.235889077590728 10.0
-20.097056656574278 -4.678897767032888 -3.97999659453502 -4.906055524076542 -5.750573344255794 -5.589625423770713 10.0
-19.597056656574278 -4.219691724078289 -3.7390384711924796 -4.486152762021667 -5.320564634181773 -4.998920183319871 10.0
-19.097056656574278 -3.8607743928985028 -3.523479915699327 -4.196871755593316 -4.874701073192552 -4.530025365306809 10.0
-18.597056656574278 -3.5161554140246922 -3.2981276706770046 -3.898002150601403 -4.5616842683695555 -4.099530951082858 10.0
-18.097056656574278 -3.220289843552946 -3.074486846597704 -3.6299071767786186 -4.3368506652037375 -3.6979261406739914 10.0
-17.597056656574278 -2.9329770867005873 -2.8518891628534355 -3.3757736237283407 -4.137789487536058 -3.3528931782252096 10.0
-17.097056656574278 -2.695037833241954 -2.636364688162481 -3.1294553270626366 -3.976431726364471 -3.031963019689935 10.0
-16.597056656574278 -2.507790496800216 -2.43227005842291 -2.9887438276511515 -3.896295686787386 -2.7447916432703163 10.0
-16.097056656574278 -2.3229022308910725 -2.2387311979367484 -2.8580990430246755 -3.817209068582363 -2.4759537251645556 10.0
-15.597056656574278 -2.1790821984655 -2.1173824878700964 -2.7282876143430252 -3.7146762508382487 -2.252337530853328 10.0
-15.097056656574278 -2.3355984352004997 -2.395306274044472 -2.627736067831285 -3.614149142937218 -2.2122286845247885 10.0
-14.597056656574278 -2.4724824783715915 -2.557162640827297 -2.719308378521312 -3.516439405849037 -2.2394874940267284 10.0
-14.097056656574278 -2.9876705164006534 -3.4865503664782196 -2.9737907198717384 -3.4643645881494125 -2.768763201874471 10.0
-13.597056656574278 -3.234773753725597 -4.164954507416415 -3.0096354204301656 -3.4409033862318648 -3.0446377295731466 10.0
-13.097056656574278 -3.395872648558445 -4.577196434547804 -3.014184289431876 -3.454708356653466 -3.198269097036415 10.0
-12.597056656574278 -3.536571776569345 -4.9043171849368346 -3.035758050480906 -3.514856155719067 -3.3184886096354775 10.0
-12.097056656574278 -3.664513038504764 -5.169296958851124 -3.1640491347412096 -3.564980887218937 -3.4162699460514583 10.0
-11.597056656574278 -3.79233553981552 -5.476761064520515 -3.341604670176678 -3.549840435154784 -3.5103041053200332 10.0
-11.097056656574278 -3.9056492888129646 -5.750573344255794 -3.689029269359396 -3.527808267122496 -3.599687844272129 10.0
#UV LF at redshift: 13
#rest_Frame_mag num_Density_dust num_density_nodust num_Density_dust_diskins num_Density_dust_mergers num_Density_dust_disks
-30.597056656574278 -0.20585761906303907 -0.20585761906303907 -0.20585761906303907 -0.20585761906303907 -0.20585761906303907 13
-30.097056656574278 -0.20585761906303907 -0.20585761906303907 -0.20585761906303907 -0.20585761906303907 -0.20585761906303907 13
-29.597056656574278 -0.20585761906303907 -0.20585761906303907 -0.20585761906303907 -0.20585761906303907 -0.20585761906303907 13
-29.097056656574278 -0.20585761906303907 -0.20585761906303907 -0.20585761906303907 -0.20585761906303907 -0.20585761906303907 13
-28.597056656574278 -0.20585761906303907 -0.20585761906303907 -0.20585761906303907 -0.20585761906303907 -0.20585761906303907 13
-28.097056656574278 -0.20585761906303907 -0.20585761906303907 -0.20585761906303907 -0.20585761906303907 -0.20585761906303907 13
-27.597056656574278 -0.20585761906303907 -0.20585761906303907 -0.20585761906303907 -0.20585761906303907 -0.20585761906303907 13
-27.097056656574278 -0.20585761906303907 -0.20585761906303907 -0.20585761906303907 -0.20585761906303907 -0.20585761906303907 13
-26.597056656574278 -0.20585761906303907 -0.20585761906303907 -0.20585761906303907 -0.20585761906303907 -0.20585761906303907 13
-26.097056656574278 -0.20585761906303907 -0.20585761906303907 -0.20585761906303907 -0.20585761906303907 -0.20585761906303907 13
-25.597056656574278 -0.20585761906303907 -0.20585761906303907 -0.20585761906303907 -0.20585761906303907 -0.20585761906303907 13
-25.097056656574278 -0.20585761906303907 -0.20585761906303907 -0.20585761906303907 -0.20585761906303907 -0.20585761906303907 13
-24.597056656574278 -0.20585761906303907 -0.20585761906303907 -0.20585761906303907 -0.20585761906303907 -0.20585761906303907 13
-24.097056656574278 -0.20585761906303907 -0.20585761906303907 -0.20585761906303907 -0.20585761906303907 -0.20585761906303907 13
-23.597056656574278 -0.20585761906303907 -0.20585761906303907 -0.20585761906303907 -0.20585761906303907 -0.20585761906303907 13
-23.097056656574278 -0.20585761906303907 -7.7799571219410035 -0.20585761906303907 -0.20585761906303907 -0.20585761906303907 13
-22.597056656574278 -0.20585761906303907 -7.302835867221341 -0.20585761906303907 -0.20585761906303907 -0.20585761906303907 13
-22.097056656574278 -7.478927126277022 -6.364983773970185 -7.7799571219410035 -0.20585761906303907 -0.20585761906303907 13
-21.597056656574278 -7.478927126277022 -6.055681252340214 -7.302835867221341 -0.20585761906303907 -0.20585761906303907 13
-21.097056656574278 -6.666013769634167 -5.598113533996231 -6.738564436782779 -7.478927126277022 -0.20585761906303907 13
-20.597056656574278 -6.055681252340214 -5.2775300019565705 -6.167173265221268 -7.302835867221341 -7.7799571219410035 13
-20.097056656574278 -5.541911018812208 -4.976500006292589 -5.686535436778769 -6.478927126277022 -6.934859081926747 13
-19.597056656574278 -5.145479851780272 -4.659054304326476 -5.335912326022927 -6.016529128378066 -6.478927126277022 13
-19.097056656574278 -4.755061161833519 -4.408519804536903 -4.959099132501303 -5.82091572961991 -5.87686713494906 13
-18.597056656574278 -4.414281981485086 -4.154336040516096 -4.635071703653861 -5.5520704173273305 -5.351822327912215 13
-18.097056656574278 -4.0743499585363985 -3.899143529660212 -4.3384190832388425 -5.3600013734512455 -4.821393238719036 13
-17.597056656574278 -3.7759798800954663 -3.6557790664663283 -4.082553398740516 -5.120992279276568 -4.367664612617958 13
-17.097056656574278 -3.4899893302542697 -3.4040193033102266 -3.8428406111739495 -4.961071707346994 -3.9851903240001825 13
-16.597056656574278 -3.265768109178784 -3.186770776836437 -3.6284034173980277 -4.804065985539211 -3.6349161819039795 13
-16.097056656574278 -3.214227334109877 -3.203615771735211 -3.5238650566019905 -4.641654423774722 -3.3876823603690616 13
-15.597056656574278 -3.5066548433733473 -3.648242243475935 -3.7448076641675403 -4.499606428894998 -3.354194728556993 13
-15.097056656574278 -3.3251884606311544 -3.3069813873467755 -4.010063086128834 -4.392033654967567 -3.0510922286018056 13
-14.597056656574278 -3.7397900854581563 -3.9101389139616756 -4.058971377787264 -4.358846992147569 -3.4159129427581094 13
-14.097056656574278 -4.095381034552548 -4.647697432409959 -4.036604170531447 -4.439513007100885 -3.881615956213494 13
-13.597056656574278 -4.29197079081161 -5.095111760296591 -4.009399647090008 -4.430291137844374 -4.075978296932618 13
-13.097056656574278 -4.470752942270596 -5.49439981293323 -4.042844027635042 -4.392033654967567 -4.218497950699088 13
-12.597056656574278 -4.5983993480782175 -5.845458670697436 -4.31220107069697 -4.344909480601039 -4.328324174484013 13
-12.097056656574278 -4.743328226578843 -6.00180587155736 -4.52710409096111 -4.291265423624063 -4.429127848358036 13
-11.597056656574278 -4.812877387796506 -6.248478204898748 -4.764597366531789 -4.224741716814931 -4.51372542525111 13
-11.097056656574278 -4.913669782856809 -6.666013769634167 -4.901435326439797 -4.180074049867316 -4.5975424695064495 13
#UV LF at redshift: 15.0
#rest_Frame_mag num_Density_dust num_density_nodust num_Density_dust_diskins num_Density_dust_mergers num_Density_dust_disks
-30.597056656574278 -0.20585761906303907 -0.20585761906303907 -0.20585761906303907 -0.20585761906303907 -0.20585761906303907 15.0
-30.097056656574278 -0.20585761906303907 -0.20585761906303907 -0.20585761906303907 -0.20585761906303907 -0.20585761906303907 15.0
-29.597056656574278 -0.20585761906303907 -0.20585761906303907 -0.20585761906303907 -0.20585761906303907 -0.20585761906303907 15.0
-29.097056656574278 -0.20585761906303907 -0.20585761906303907 -0.20585761906303907 -0.20585761906303907 -0.20585761906303907 15.0
-28.597056656574278 -0.20585761906303907 -0.20585761906303907 -0.20585761906303907 -0.20585761906303907 -0.20585761906303907 15.0
-28.097056656574278 -0.20585761906303907 -0.20585761906303907 -0.20585761906303907 -0.20585761906303907 -0.20585761906303907 15.0
-27.597056656574278 -0.20585761906303907 -0.20585761906303907 -0.20585761906303907 -0.20585761906303907 -0.20585761906303907 15.0
-27.097056656574278 -0.20585761906303907 -0.20585761906303907 -0.20585761906303907 -0.20585761906303907 -0.20585761906303907 15.0
-26.597056656574278 -0.20585761906303907 -0.20585761906303907 -0.20585761906303907 -0.20585761906303907 -0.20585761906303907 15.0
-26.097056656574278 -0.20585761906303907 -0.20585761906303907 -0.20585761906303907 -0.20585761906303907 -0.20585761906303907 15.0
-25.597056656574278 -0.20585761906303907 -0.20585761906303907 -0.20585761906303907 -0.20585761906303907 -0.20585761906303907 15.0
-25.097056656574278 -0.20585761906303907 -0.20585761906303907 -0.20585761906303907 -0.20585761906303907 -0.20585761906303907 15.0
-24.597056656574278 -0.20585761906303907 -0.20585761906303907 -0.20585761906303907 -0.20585761906303907 -0.20585761906303907 15.0
-24.097056656574278 -0.20585761906303907 -0.20585761906303907 -0.20585761906303907 -0.20585761906303907 -0.20585761906303907 15.0
-23.597056656574278 -0.20585761906303907 -0.20585761906303907 -0.20585761906303907 -0.20585761906303907 -0.20585761906303907 15.0
-23.097056656574278 -0.20585761906303907 -0.20585761906303907 -0.20585761906303907 -0.20585761906303907 -0.20585761906303907 15.0
-22.597056656574278 -0.20585761906303907 -7.778151321077741 -0.20585761906303907 -0.20585761906303907 -0.20585761906303907 15.0
-22.097056656574278 -7.778151321077741 -0.20585761906303907 -7.778151321077741 -0.20585761906303907 -0.20585761906303907 15.0
-21.597056656574278 -0.20585761906303907 -7.477121325413759 -0.20585761906303907 -0.20585761906303907 -0.20585761906303907 15.0
-21.097056656574278 -7.778151321077741 -7.000000070694097 -7.778151321077741 -0.20585761906303907 -0.20585761906303907 15.0
-20.597056656574278 -7.176091329749778 -6.574031338421816 -7.176091329749778 -0.20585761906303907 -0.20585761906303907 15.0
-20.097056656574278 -7.000000070694097 -6.346787556918754 -7.477121325413759 -7.778151321077741 -0.20585761906303907 15.0
-19.597056656574278 -6.2867896272434685 -5.891660595905259 -6.416423485060148 -7.079181316741722 -0.20585761906303907 15.0
-19.097056656574278 -5.920818824646473 -5.527731318768847 -5.9928214860669735 -7.477121325413759 -0.20585761906303907 15.0
-18.597056656574278 -5.470655283164527 -5.273001342757835 -5.660880025421976 -6.823908811638416 -6.875061334085797 15.0
-18.097056656574278 -5.156975039302706 -4.96124748170208 -5.36151081373946 -6.522878815974435 -6.1983677244609305 15.0
-17.597056656574278 -4.846185206349568 -4.695725020216969 -5.023802985366721 -6.574031338421816 -5.70260435968521 15.0
-17.097056656574278 -4.597738688239417 -4.486782470626158 -4.877238253340072 -6.087955241049227 -5.158015266103983 15.0
-16.597056656574278 -4.540105217948945 -4.575935545276609 -4.8059484826986765 -5.823908811638416 -4.798602946373645 15.0
-16.097056656574278 -4.624641331776903 -4.659555955853978 -5.215858456621266 -5.778151321077741 -4.652995491497211 15.0
-15.597056656574278 -4.824874984410436 -4.963903725345821 -5.291012945600555 -5.565963716673783 -4.592892555781155 15.0
-15.097056656574278 -4.450383831175012 -4.393977182270707 -5.42984645802958 -5.535113272391446 -4.211360408696149 15.0
-14.597056656574278 -4.9942477418050055 -5.161150979956842 -5.373317604457803 -5.599174373784571 -4.7738299472950985 15.0
-14.097056656574278 -5.31875883331851 -5.809668372523806 -5.282606983531292 -5.470655283164527 -5.123012886266359 15.0
-13.597056656574278 -5.522878815974435 -6.234083276727465 -5.317253478321193 -5.42404288193034 -5.3024801327533115 15.0
-13.097056656574278 -5.698970075030116 -6.602060062022059 -5.5477023996994665 -5.353269684446674 -5.451815460148989 15.0
-12.597056656574278 -5.761117981778961 -6.933053281063484 -5.681241308069684 -5.346787556918754 -5.574031338421816 15.0
-12.097056656574278 -5.886056718387261 -7.477121325413759 -5.9928214860669735 -5.321785287948698 -5.619788828982491 15.0
-11.597056656574278 -6.007299309435597 -7.301030066358078 -6.1446828654981545 -5.31875883331851 -5.732828342291083 15.0
-11.097056656574278 -6.02996329407154 -0.20585761906303907 -6.455932026343821 -5.3112837007236315 -5.75284545581297 15.0
#UV LF at redshift: 17.0
#rest_Frame_mag num_Density_dust num_density_nodust num_Density_dust_diskins num_Density_dust_mergers num_Density_dust_disks
-30.597056656574278 -0.20585761906303907 -0.20585761906303907 -0.20585761906303907 -0.20585761906303907 -0.20585761906303907 17.0
-30.097056656574278 -0.20585761906303907 -0.20585761906303907 -0.20585761906303907 -0.20585761906303907 -0.20585761906303907 17.0
-29.597056656574278 -0.20585761906303907 -0.20585761906303907 -0.20585761906303907 -0.20585761906303907 -0.20585761906303907 17.0
-29.097056656574278 -0.20585761906303907 -0.20585761906303907 -0.20585761906303907 -0.20585761906303907 -0.20585761906303907 17.0
-28.597056656574278 -0.20585761906303907 -0.20585761906303907 -0.20585761906303907 -0.20585761906303907 -0.20585761906303907 17.0
-28.097056656574278 -0.20585761906303907 -0.20585761906303907 -0.20585761906303907 -0.20585761906303907 -0.20585761906303907 17.0
-27.597056656574278 -0.20585761906303907 -0.20585761906303907 -0.20585761906303907 -0.20585761906303907 -0.20585761906303907 17.0
-27.097056656574278 -0.20585761906303907 -0.20585761906303907 -0.20585761906303907 -0.20585761906303907 -0.20585761906303907 17.0
-26.597056656574278 -0.20585761906303907 -0.20585761906303907 -0.20585761906303907 -0.20585761906303907 -0.20585761906303907 17.0
-26.097056656574278 -0.20585761906303907 -0.20585761906303907 -0.20585761906303907 -0.20585761906303907 -0.20585761906303907 17.0
-25.597056656574278 -0.20585761906303907 -0.20585761906303907 -0.20585761906303907 -0.20585761906303907 -0.20585761906303907 17.0
-25.097056656574278 -0.20585761906303907 -0.20585761906303907 -0.20585761906303907 -0.20585761906303907 -0.20585761906303907 17.0
-24.597056656574278 -0.20585761906303907 -0.20585761906303907 -0.20585761906303907 -0.20585761906303907 -0.20585761906303907 17.0
-24.097056656574278 -0.20585761906303907 -0.20585761906303907 -0.20585761906303907 -0.20585761906303907 -0.20585761906303907 17.0
-23.597056656574278 -0.20585761906303907 -0.20585761906303907 -0.20585761906303907 -0.20585761906303907 -0.20585761906303907 17.0
-23.097056656574278 -0.20585761906303907 -0.20585761906303907 -0.20585761906303907 -0.20585761906303907 -0.20585761906303907 17.0
-22.597056656574278 -0.20585761906303907 -0.20585761906303907 -0.20585761906303907 -0.20585761906303907 -0.20585761906303907 17.0
-22.097056656574278 -0.20585761906303907 -0.20585761906303907 -0.20585761906303907 -0.20585761906303907 -0.20585761906303907 17.0
-21.597056656574278 -0.20585761906303907 -7.7481880977002975 -0.20585761906303907 -0.20585761906303907 -0.20585761906303907 17.0
-21.097056656574278 -0.20585761906303907 -0.20585761906303907 -0.20585761906303907 -0.20585761906303907 -0.20585761906303907 17.0
-20.597056656574278 -7.447158102036316 -7.7481880977002975 -7.447158102036316 -0.20585761906303907 -0.20585761906303907 17.0
-20.097056656574278 -0.20585761906303907 -7.7481880977002975 -0.20585761906303907 -0.20585761906303907 -0.20585761906303907 17.0
-19.597056656574278 -0.20585761906303907 -6.903090057686041 -0.20585761906303907 -0.20585761906303907 -0.20585761906303907 17.0
-19.097056656574278 -6.669006851652672 -6.405765416878092 -6.706795412542073 -0.20585761906303907 -0.20585761906303907 17.0
-18.597056656574278 -6.405765416878092 -6.271066842980635 -6.469434496747469 -0.20585761906303907 -0.20585761906303907 17.0
-18.097056656574278 -6.168404501083487 -5.884865237579842 -6.243038119380391 -0.20585761906303907 -7.7481880977002975 17.0
-17.597056656574278 -5.779705149146363 -5.665402727383848 -5.915679184994061 -7.7481880977002975 -7.049218093364279 17.0
-17.097056656574278 -5.77046449241145 -5.845098110708354 -5.970036847316654 -7.146128106372335 -6.386460261682704 17.0
-16.597056656574278 -5.793945588260973 -5.808668845081679 -6.216709180658042 -6.845098110708354 -5.903090057686041 17.0
-16.097056656574278 -5.81368964645673 -5.890855601269029 -6.447158102036316 -6.572096838644616 -5.8505610064098565 17.0
-15.597056656574278 -6.015794337877329 -5.992313242027806 -6.6342447453934605 -6.5440681150443725 -5.691283246363825 17.0
-15.097056656574278 -5.476346491163799 -5.397940079366135 -6.447158102036316 -6.602060062022059 -5.261049722223111 17.0
-14.597056656574278 -6.085430266018723 -6.204120053350022 -6.7481880977002975 -6.367976855988692 -5.909339006963043 17.0
-14.097056656574278 -6.285790099801341 -6.970036847316654 -6.669006851652672 -6.6342447453934605 -6.124938807302397 17.0
-13.597056656574278 -6.572096838644616 -6.970036847316654 -6.517739176322023 -6.425968802966378 -6.301030066358078 17.0
-13.097056656574278 -6.6342447453934605 -7.7481880977002975 -6.6342447453934605 -6.5440681150443725 -6.517739176322023 17.0
-12.597056656574278 -6.706795412542073 -7.7481880977002975 -7.447158102036316 -6.425968802966378 -6.5440681150443725 17.0
-12.097056656574278 -6.793945588260973 -0.20585761906303907 -7.049218093364279 -6.7481880977002975 -6.572096838644616 17.0
-11.597056656574278 -7.7481880977002975 -0.20585761906303907 -7.7481880977002975 -6.669006851652672 -7.7481880977002975 17.0
-11.097056656574278 -7.146128106372335 -0.20585761906303907 -7.7481880977002975 -6.970036847316654 -7.049218093364279 17.0
