#UV LF at redshift: 6.0
#rest_Frame_mag num_Density_dust num_density_nodust num_Density_dust_diskins num_Density_dust_mergers num_Density_dust_disks
-30.597056656574278 -0.20585761906303907 -0.20585761906303907 -0.20585761906303907 -0.20585761906303907 -0.20585761906303907 6
-30.097056656574278 -0.20585761906303907 -0.20585761906303907 -0.20585761906303907 -0.20585761906303907 -0.20585761906303907 6
-29.597056656574278 -0.20585761906303907 -0.20585761906303907 -0.20585761906303907 -0.20585761906303907 -0.20585761906303907 6
-29.097056656574278 -0.20585761906303907 -0.20585761906303907 -0.20585761906303907 -0.20585761906303907 -0.20585761906303907 6
-28.597056656574278 -0.20585761906303907 -0.20585761906303907 -0.20585761906303907 -0.20585761906303907 -0.20585761906303907 6
-28.097056656574278 -0.20585761906303907 -0.20585761906303907 -0.20585761906303907 -0.20585761906303907 -0.20585761906303907 6
-27.597056656574278 -0.20585761906303907 -0.20585761906303907 -0.20585761906303907 -0.20585761906303907 -0.20585761906303907 6
-27.097056656574278 -0.20585761906303907 -0.20585761906303907 -0.20585761906303907 -0.20585761906303907 -0.20585761906303907 6
-26.597056656574278 -0.20585761906303907 -0.20585761906303907 -0.20585761906303907 -0.20585761906303907 -0.20585761906303907 6
-26.097056656574278 -0.20585761906303907 -7.24919842808521 -0.20585761906303907 -0.20585761906303907 -0.20585761906303907    6
-25.597056656574278 -0.20585761906303907 -7.24919842808521 -0.20585761906303907 -0.20585761906303907 -0.20585761906303907    6
-25.097056656574278 -0.20585761906303907 -6.404100388070954 -0.20585761906303907 -0.20585761906303907 -0.20585761906303907   6
-24.597056656574278 -0.20585761906303907 -6.24919842808521 -0.20585761906303907 -0.20585761906303907 -0.20585761906303907    6
-24.097056656574278 -7.24919842808521 -5.851258419413172 -0.20585761906303907 -7.24919842808521 -0.20585761906303907         6
-23.597056656574278 -7.24919842808521 -5.5088357385909665 -0.20585761906303907 -7.24919842808521 -0.20585761906303907        6
-23.097056656574278 -7.24919842808521 -5.228009129015272 -0.20585761906303907 -7.24919842808521 -0.20585761906303907         6
-22.597056656574278 -6.346108441093267 -4.840958462773361 -0.20585761906303907 -6.772077173365548 -6.550228423749191         6
-22.097056656574278 -5.817834663926223 -4.400393727033406 -0.20585761906303907 -6.24919842808521 -6.045078445429286          6
-21.597056656574278 -5.0848455723007735 -4.022598522877853 -0.20585761906303907 -5.970444827132381 -5.177316420779085        6
-21.097056656574278 -4.5365487264579984 -3.659472171830973 -0.20585761906303907 -5.550228423749191 -4.608716991114789        6
-20.597056656574278 -4.00220772884366 -3.335013994661964 -0.20585761906303907 -5.25356323348766 -4.043452887142548           6
-20.097056656574278 -3.5305306927689992 -3.0487583516487793 -0.20585761906303907 -4.9048061544001 -3.565701110405399         6
-19.597056656574278 -3.0938927619255843 -2.753640215537342 -0.20585761906303907 -4.595985914309867 -3.1206376215258897       6
-19.097056656574278 -2.714702725249671 -2.4983970026236184 -0.20585761906303907 -4.330643897534936 -2.736074091446934        6
-18.597056656574278 -2.481693781739605 -2.3664633396590133 -0.20585761906303907 -4.110264487828287 -2.4990913431579123       6
-18.097056656574278 -2.318453099774097 -2.247620466322374 -0.20585761906303907 -3.9395682606593114 -2.3332079742237855       6
-17.597056656574278 -2.1730314887402775 -2.1106841616038423 -0.20585761906303907 -3.767326017774547 -2.1864021695786597      6
-17.097056656574278 -2.0324336389338353 -1.9685176418501569 -0.20585761906303907 -3.589852792339033 -2.0449590308655123      6
-16.597056656574278 -1.8981775108640524 -1.83375095580878 -0.20585761906303907 -3.412621153244561 -1.9083261791026223        6
-16.097056656574278 -1.764870111345417 -1.7011420762630403 -0.20585761906303907 -3.2529057095438887 -1.7715621161205828      6
-15.597056656574278 -1.634331782399771 -1.5723631244308598 -0.20585761906303907 -3.1164585898243256 -1.6337365747892032      6
-15.097056656574278 -1.5026179355493525 -1.4377266464411498 -0.20585761906303907 -2.9889600358750807 -1.4987417196669321     6
-14.597056656574278 -1.3636585507225023 -1.293817148654793 -0.20585761906303907 -2.862860011727699 -1.3617279801135806       6 
-14.097056656574278 -1.2213426424033136 -1.1480616503968852 -0.20585761906303907 -2.742017450824969 -1.2205804139912808      6
-13.597056656574278 -1.237350665861545 -1.1984197527724558 -0.20585761906303907 -2.594819711895622 -1.2369654193188844       6
-13.097056656574278 -1.6448384341752385 -1.8080722530477624 -0.20585761906303907 -2.442530147430212 -1.6445372182674858      6
-12.597056656574278 -1.9906114249204805 -2.6192590275500405 -0.20585761906303907 -2.320055494778059 -1.9894994521411662      6
-12.097056656574278 -2.1839063466345787 -3.313237959096044 -0.20585761906303907 -2.271877303072941 -2.1806266982711024       6
-11.597056656574278 -2.3127751730494825 -3.605647059522265 -0.20585761906303907 -2.3147302775136716 -2.3049082700156798      6
-11.097056656574278 -2.4150575943158756 -3.7362473481127196 -0.20585761906303907 -2.4524923002554417 -2.4038708930631434     6
#UV LF at redshift: 8.0                                                                                                        
#rest_Frame_mag num_Density_dust num_density_nodust num_Density_dust_diskins num_Density_dust_mergers num_Density_dust_disks
-30.597056656574278 -0.20585761906303907 -0.20585761906303907 -0.20585761906303907 -0.20585761906303907 -0.20585761906303907 8
-30.097056656574278 -0.20585761906303907 -0.20585761906303907 -0.20585761906303907 -0.20585761906303907 -0.20585761906303907 8
-29.597056656574278 -0.20585761906303907 -0.20585761906303907 -0.20585761906303907 -0.20585761906303907 -0.20585761906303907 8
-29.097056656574278 -0.20585761906303907 -0.20585761906303907 -0.20585761906303907 -0.20585761906303907 -0.20585761906303907 8
-28.597056656574278 -0.20585761906303907 -0.20585761906303907 -0.20585761906303907 -0.20585761906303907 -0.20585761906303907 8
-28.097056656574278 -0.20585761906303907 -0.20585761906303907 -0.20585761906303907 -0.20585761906303907 -0.20585761906303907 8
-27.597056656574278 -0.20585761906303907 -0.20585761906303907 -0.20585761906303907 -0.20585761906303907 -0.20585761906303907 8
-27.097056656574278 -0.20585761906303907 -0.20585761906303907 -0.20585761906303907 -0.20585761906303907 -0.20585761906303907 8
-26.597056656574278 -0.20585761906303907 -0.20585761906303907 -0.20585761906303907 -0.20585761906303907 -0.20585761906303907 8
-26.097056656574278 -0.20585761906303907 -0.20585761906303907 -0.20585761906303907 -0.20585761906303907 -0.20585761906303907 8
-25.597056656574278 -0.20585761906303907 -0.20585761906303907 -0.20585761906303907 -0.20585761906303907 -0.20585761906303907 8
-25.097056656574278 -0.20585761906303907 -0.20585761906303907 -0.20585761906303907 -0.20585761906303907 -0.20585761906303907 8
-24.597056656574278 -0.20585761906303907 -6.948168432421229 -0.20585761906303907 -0.20585761906303907 -0.20585761906303907   8
-24.097056656574278 -0.20585761906303907 -6.471047177701567 -0.20585761906303907 -0.20585761906303907 -0.20585761906303907   8
-23.597056656574278 -0.20585761906303907 -6.24919842808521 -0.20585761906303907 -0.20585761906303907 -0.20585761906303907    8
-23.097056656574278 -0.20585761906303907 -5.658133821058711 -0.20585761906303907 -0.20585761906303907 -0.20585761906303907   8
-22.597056656574278 -7.24919842808521 -5.423123625384384 -0.20585761906303907 -0.20585761906303907 -7.24919842808521         8
-22.097056656574278 -6.948168432421229 -5.047801303764759 -0.20585761906303907 -7.24919842808521 -7.24919842808521           8
-21.597056656574278 -5.906775747263004 -4.721568527213871 -0.20585761906303907 -6.404100388070954 -6.1030703924069725        8
-21.097056656574278 -5.276070574485511 -4.345024059801046 -0.20585761906303907 -5.970444827132381 -5.410349337347955         8
-20.597056656574278 -4.596952087081887 -3.878130565813474 -0.20585761906303907 -5.647138436757248 -4.653702206259636         8
-20.097056656574278 -3.903432734970722 -3.4362850714423545 -0.20585761906303907 -5.177316420779085 -3.9479513394489985       8
-19.597056656574278 -3.42834043864551 -3.1506585300923486 -0.20585761906303907 -4.865383062104779 -3.458280232870632         8
-19.097056656574278 -3.1318276870643045 -2.950389001555625 -0.20585761906303907 -4.608716991114789 -3.160814241987507        8
-18.597056656574278 -2.8749084404098992 -2.7480021860581214 -0.20585761906303907 -4.341249906472938 -2.898853479836148       8
-18.097056656574278 -2.65445239759512 -2.5562986567118675 -0.20585761906303907 -4.137599903204816 -2.678515415800259         8
-17.597056656574278 -2.4606977437146536 -2.3741487460341126 -0.20585761906303907 -3.897788676159771 -2.4829715345110417      8
-17.097056656574278 -2.289694353032066 -2.2061860847525354 -0.20585761906303907 -3.722988424243546 -2.3056198314099863       8
-16.597056656574278 -2.120760384805358 -2.0435340207135226 -0.20585761906303907 -3.6296877072467115 -2.1278782834216425      8
-16.097056656574278 -1.958667445775787 -1.8832931968410973 -0.20585761906303907 -3.547457795647998 -1.9554293960476086       8
-15.597056656574278 -1.7951756956522487 -1.719922106165983 -0.20585761906303907 -3.4696740847604204 -1.7891866077236793      8
-15.097056656574278 -1.6470190221934744 -1.5730088924788383 -0.20585761906303907 -3.389100098386692 -1.6447995558651913      8
-14.597056656574278 -1.6032331389740884 -1.5477625646267896 -0.20585761906303907 -3.2298743909315197 -1.6023684594082828     8
-14.097056656574278 -1.9234160305694052 -2.0133847534866467 -0.20585761906303907 -3.055156100198787 -1.9226188570434823      8
-13.597056656574278 -2.3503526258917184 -2.9439115626090846 -0.20585761906303907 -2.9258638094861604 -2.347930867610392      8
-13.097056656574278 -2.5581346265254696 -3.8021955296190484 -0.20585761906303907 -2.907012699791517 -2.55329666984512        8
-12.597056656574278 -2.6943944127423496 -4.197660037569882 -0.20585761906303907 -2.9992422461265296 -2.6877154148141424      8
-12.097056656574278 -2.798856926513314 -4.4116099898496985 -0.20585761906303907 -3.1644434649058555 -2.7900623703975924      8
-11.597056656574278 -2.9015172154503093 -4.5365487264579984 -0.20585761906303907 -3.374542695487109 -2.891301678762916       8
-11.097056656574278 -2.989652328998188 -4.664867203717679 -0.20585761906303907 -3.5630091938411868 -2.9787525200672476       8
#UV LF at redshift: 10.0                                                                                                       
#rest_Frame_mag num_Density_dust num_density_nodust num_Density_dust_diskins num_Density_dust_mergers num_Density_dust_disks
-30.597056656574278 -0.20585761906303907 -0.20585761906303907 -0.20585761906303907 -0.20585761906303907 -0.20585761906303907 10
-30.097056656574278 -0.20585761906303907 -0.20585761906303907 -0.20585761906303907 -0.20585761906303907 -0.20585761906303907 10
-29.597056656574278 -0.20585761906303907 -0.20585761906303907 -0.20585761906303907 -0.20585761906303907 -0.20585761906303907 10
-29.097056656574278 -0.20585761906303907 -0.20585761906303907 -0.20585761906303907 -0.20585761906303907 -0.20585761906303907 10
-28.597056656574278 -0.20585761906303907 -0.20585761906303907 -0.20585761906303907 -0.20585761906303907 -0.20585761906303907 10
-28.097056656574278 -0.20585761906303907 -0.20585761906303907 -0.20585761906303907 -0.20585761906303907 -0.20585761906303907 10
-27.597056656574278 -0.20585761906303907 -0.20585761906303907 -0.20585761906303907 -0.20585761906303907 -0.20585761906303907 10
-27.097056656574278 -0.20585761906303907 -0.20585761906303907 -0.20585761906303907 -0.20585761906303907 -0.20585761906303907 10
-26.597056656574278 -0.20585761906303907 -0.20585761906303907 -0.20585761906303907 -0.20585761906303907 -0.20585761906303907 10
-26.097056656574278 -0.20585761906303907 -0.20585761906303907 -0.20585761906303907 -0.20585761906303907 -0.20585761906303907 10
-25.597056656574278 -0.20585761906303907 -0.20585761906303907 -0.20585761906303907 -0.20585761906303907 -0.20585761906303907 10
-25.097056656574278 -0.20585761906303907 -0.20585761906303907 -0.20585761906303907 -0.20585761906303907 -0.20585761906303907 10
-24.597056656574278 -0.20585761906303907 -0.20585761906303907 -0.20585761906303907 -0.20585761906303907 -0.20585761906303907 10
-24.097056656574278 -0.20585761906303907 -0.20585761906303907 -0.20585761906303907 -0.20585761906303907 -0.20585761906303907 10
-23.597056656574278 -0.20585761906303907 -6.948168432421229 -0.20585761906303907 -0.20585761906303907 -0.20585761906303907   10
-23.097056656574278 -0.20585761906303907 -6.471047177701567 -0.20585761906303907 -0.20585761906303907 -0.20585761906303907   10
-22.597056656574278 -0.20585761906303907 -5.906775747263004 -0.20585761906303907 -0.20585761906303907 -0.20585761906303907   10
-22.097056656574278 -7.24919842808521 -5.802040396742991 -0.20585761906303907 -7.24919842808521 -0.20585761906303907         10
-21.597056656574278 -6.772077173365548 -5.3741371646935105 -0.20585761906303907 -6.948168432421229 -0.20585761906303907      10
-21.097056656574278 -6.1030703924069725 -5.056073829730749 -0.20585761906303907 -6.294955918645885 -6.471047177701567        10
-20.597056656574278 -5.219814650400001 -4.611708698572699 -0.20585761906303907 -6.045078445429286 -5.3096791754665915        10
-20.097056656574278 -4.617754659072038 -4.233419671696169 -0.20585761906303907 -5.577100570149493 -4.698970075030116         10
-19.597056656574278 -4.171830522801054 -3.8893629457453223 -0.20585761906303907 -5.112477860928803 -4.246168957531593        10
-19.097056656574278 -3.7893537856970028 -3.5904241072408536 -0.20585761906303907 -4.948168432421229 -3.8399417760463006      10
-18.597056656574278 -3.477023467260596 -3.3286055660004017 -0.20585761906303907 -4.646054055465028 -3.519709658905649        10
-18.097056656574278 -3.2153727341319 -3.0882199679652014 -0.20585761906303907 -4.473224096955841 -3.248460754311177          10
-17.597056656574278 -2.958874383535103 -2.8526852465916885 -0.20585761906303907 -4.382320613747711 -2.980784283508668        10
-17.097056656574278 -2.734252422777206 -2.6352720802295235 -0.20585761906303907 -4.315205264253968 -2.7416528775757896       10
-16.597056656574278 -2.5288075626999453 -2.4370608124619606 -0.20585761906303907 -4.335914526324792 -2.5267372706702234      10
-16.097056656574278 -2.3378117428052434 -2.250102701378154 -0.20585761906303907 -4.273766619575947 -2.3329656312058207       10
-15.597056656574278 -2.197729468525207 -2.124277063603631 -0.20585761906303907 -4.12862449687936 -2.1943556488565266         10
-15.097056656574278 -2.3912511165292067 -2.3948984603753036 -0.20585761906303907 -3.978985573188968 -2.3895378499433435      10
-14.597056656574278 -2.507125620835182 -2.5668186613614883 -0.20585761906303907 -3.8377470859472727 -2.506292705525028       10
-14.097056656574278 -2.951372285499882 -3.4844993642868425 -0.20585761906303907 -3.814469886305453 -2.9475608453583386       10
-13.597056656574278 -3.1508662602375255 -4.1721941012918595 -0.20585761906303907 -3.8799825706750672 -3.144916220990772      10
-13.097056656574278 -3.2930780416921905 -4.564353066440797 -0.20585761906303907 -4.044264905731065 -3.287065958786975        10
-12.597056656574278 -3.4112314097165557 -4.906775747263004 -0.20585761906303907 -4.22348304418387 -3.4052185836070503        10
-12.097056656574278 -3.514958823649755 -5.199980405415029 -0.20585761906303907 -4.449169068841076 -3.5074954441274704        10
-11.597056656574278 -3.6171462613794003 -5.443018454101323 -0.20585761906303907 -4.550228423749191 -3.6110087878943733       10
-11.097056656574278 -3.6931372690756774 -5.705130383734935 -0.20585761906303907 -4.575256429451122 -3.685954726944812        10
#UV LF at redshift: 12.7                                                                                                       
#rest_Frame_mag num_Density_dust num_density_nodust num_Density_dust_diskins num_Density_dust_mergers num_Density_dust_disks
-30.597056656574278 -0.20585761906303907 -0.20585761906303907 -0.20585761906303907 -0.20585761906303907 -0.20585761906303907 13
-30.097056656574278 -0.20585761906303907 -0.20585761906303907 -0.20585761906303907 -0.20585761906303907 -0.20585761906303907 13
-29.597056656574278 -0.20585761906303907 -0.20585761906303907 -0.20585761906303907 -0.20585761906303907 -0.20585761906303907 13
-29.097056656574278 -0.20585761906303907 -0.20585761906303907 -0.20585761906303907 -0.20585761906303907 -0.20585761906303907 13
-28.597056656574278 -0.20585761906303907 -0.20585761906303907 -0.20585761906303907 -0.20585761906303907 -0.20585761906303907 13
-28.097056656574278 -0.20585761906303907 -0.20585761906303907 -0.20585761906303907 -0.20585761906303907 -0.20585761906303907 13
-27.597056656574278 -0.20585761906303907 -0.20585761906303907 -0.20585761906303907 -0.20585761906303907 -0.20585761906303907 13
-27.097056656574278 -0.20585761906303907 -0.20585761906303907 -0.20585761906303907 -0.20585761906303907 -0.20585761906303907 13
-26.597056656574278 -0.20585761906303907 -0.20585761906303907 -0.20585761906303907 -0.20585761906303907 -0.20585761906303907 13
-26.097056656574278 -0.20585761906303907 -0.20585761906303907 -0.20585761906303907 -0.20585761906303907 -0.20585761906303907 13
-25.597056656574278 -0.20585761906303907 -0.20585761906303907 -0.20585761906303907 -0.20585761906303907 -0.20585761906303907 13
-25.097056656574278 -0.20585761906303907 -0.20585761906303907 -0.20585761906303907 -0.20585761906303907 -0.20585761906303907 13
-24.597056656574278 -0.20585761906303907 -0.20585761906303907 -0.20585761906303907 -0.20585761906303907 -0.20585761906303907 13
-24.097056656574278 -0.20585761906303907 -0.20585761906303907 -0.20585761906303907 -0.20585761906303907 -0.20585761906303907 13
-23.597056656574278 -0.20585761906303907 -0.20585761906303907 -0.20585761906303907 -0.20585761906303907 -0.20585761906303907 13
-23.097056656574278 -0.20585761906303907 -0.20585761906303907 -0.20585761906303907 -0.20585761906303907 -0.20585761906303907 13
-22.597056656574278 -0.20585761906303907 -6.647138436757248 -0.20585761906303907 -0.20585761906303907 -0.20585761906303907   13
-22.097056656574278 -7.24919842808521 -6.647138436757248 -0.20585761906303907 -7.24919842808521 -0.20585761906303907         13
-21.597056656574278 -0.20585761906303907 -6.24919842808521 -0.20585761906303907 -0.20585761906303907 -0.20585761906303907    13
-21.097056656574278 -0.20585761906303907 -5.906775747263004 -0.20585761906303907 -0.20585761906303907 -0.20585761906303907   13
-20.597056656574278 -6.550228423749191 -5.705130383734935 -0.20585761906303907 -6.948168432421229 -6.772077173365548         13
-20.097056656574278 -5.970444827132381 -5.443018454101323 -0.20585761906303907 -6.294955918645885 -6.24919842808521          13
-19.597056656574278 -5.35710382539473 -4.97504057882153 -0.20585761906303907 -6.207805742926985 -5.4638685930744435          13
-19.097056656574278 -4.959163816722692 -4.677489596276523 -0.20585761906303907 -5.6694148314684 -5.087830425850235           13
-18.597056656574278 -4.529039124679254 -4.358218831095521 -0.20585761906303907 -5.5088357385909665 -4.59502188620725         13
-18.097056656574278 -4.155776742922975 -4.013669981177661 -0.20585761906303907 -5.567957190709623 -4.1813839169233695        13
-17.597056656574278 -3.8141507867452455 -3.701300710522113 -0.20585761906303907 -5.533195084450411 -3.8192847303214563       13
-17.097056656574278 -3.553191712866665 -3.440717371519259 -0.20585761906303907 -5.485770434522273 -3.5523180564024477        13
-16.597056656574278 -3.3197795023709173 -3.2176687822817875 -0.20585761906303907 -5.577100570149493 -3.318453099774097       13
-16.097056656574278 -3.19198891557742 -3.1217048833284275 -0.20585761906303907 -5.416689515378974 -3.1892187111410486        13
-15.597056656574278 -3.5590909886288795 -3.659919206849243 -0.20585761906303907 -5.294955918645885 -3.5539795091800594       13
-15.097056656574278 -3.3557695863056654 -3.323319338783709 -0.20585761906303907 -5.162838597410462 -3.3548269742289727       13
-14.597056656574278 -3.719126859247832 -3.918987643513683 -0.20585761906303907 -5.23216508878643 -3.7174641188086603         13
-14.097056656574278 -4.025183616712346 -4.661487463066299 -0.20585761906303907 -5.266927195045642 -4.02285634092158          13
-13.597056656574278 -4.2101811060877985 -5.056073829730749 -0.20585761906303907 -5.550228423749191 -4.205836150064081        13
-13.097056656574278 -4.348285360347541 -5.493323572412719 -0.20585761906303907 -5.730684488207323 -4.344482882806529         13
-12.597056656574278 -4.457507779065092 -5.8342250801143924 -0.20585761906303907 -5.970444827132381 -4.4547103814260405       13
-12.097056656574278 -4.5143985984963635 -5.887470592067618 -0.20585761906303907 -6.0187495067069365 -4.51121110175178        13
-11.597056656574278 -4.635356606209141 -6.471047177701567 -0.20585761906303907 -5.926979133351291 -4.633248376428809         13
-11.097056656574278 -4.742693395680338 -6.471047177701567 -0.20585761906303907 -5.851258419413172 -4.738653417878598         13
#UV LF at redshift: 15.0                                                                                                       
#rest_Frame_mag num_Density_dust num_density_nodust num_Density_dust_diskins num_Density_dust_mergers num_Density_dust_disks
-30.597056656574278 -0.20585761906303907 -0.20585761906303907 -0.20585761906303907 -0.20585761906303907 -0.20585761906303907 15
-30.097056656574278 -0.20585761906303907 -0.20585761906303907 -0.20585761906303907 -0.20585761906303907 -0.20585761906303907 15
-29.597056656574278 -0.20585761906303907 -0.20585761906303907 -0.20585761906303907 -0.20585761906303907 -0.20585761906303907 15
-29.097056656574278 -0.20585761906303907 -0.20585761906303907 -0.20585761906303907 -0.20585761906303907 -0.20585761906303907 15
-28.597056656574278 -0.20585761906303907 -0.20585761906303907 -0.20585761906303907 -0.20585761906303907 -0.20585761906303907 15
-28.097056656574278 -0.20585761906303907 -0.20585761906303907 -0.20585761906303907 -0.20585761906303907 -0.20585761906303907 15
-27.597056656574278 -0.20585761906303907 -0.20585761906303907 -0.20585761906303907 -0.20585761906303907 -0.20585761906303907 15
-27.097056656574278 -0.20585761906303907 -0.20585761906303907 -0.20585761906303907 -0.20585761906303907 -0.20585761906303907 15
-26.597056656574278 -0.20585761906303907 -0.20585761906303907 -0.20585761906303907 -0.20585761906303907 -0.20585761906303907 15
-26.097056656574278 -0.20585761906303907 -0.20585761906303907 -0.20585761906303907 -0.20585761906303907 -0.20585761906303907 15
-25.597056656574278 -0.20585761906303907 -0.20585761906303907 -0.20585761906303907 -0.20585761906303907 -0.20585761906303907 15
-25.097056656574278 -0.20585761906303907 -0.20585761906303907 -0.20585761906303907 -0.20585761906303907 -0.20585761906303907 15
-24.597056656574278 -0.20585761906303907 -0.20585761906303907 -0.20585761906303907 -0.20585761906303907 -0.20585761906303907 15
-24.097056656574278 -0.20585761906303907 -0.20585761906303907 -0.20585761906303907 -0.20585761906303907 -0.20585761906303907 15
-23.597056656574278 -0.20585761906303907 -0.20585761906303907 -0.20585761906303907 -0.20585761906303907 -0.20585761906303907 15
-23.097056656574278 -0.20585761906303907 -0.20585761906303907 -0.20585761906303907 -0.20585761906303907 -0.20585761906303907 15
-22.597056656574278 -0.20585761906303907 -0.20585761906303907 -0.20585761906303907 -0.20585761906303907 -0.20585761906303907 15
-22.097056656574278 -0.20585761906303907 -0.20585761906303907 -0.20585761906303907 -0.20585761906303907 -0.20585761906303907 15
-21.597056656574278 -0.20585761906303907 -0.20585761906303907 -0.20585761906303907 -0.20585761906303907 -0.20585761906303907 15
-21.097056656574278 -0.20585761906303907 -7.24919842808521 -0.20585761906303907 -0.20585761906303907 -0.20585761906303907    15
-20.597056656574278 -0.20585761906303907 -0.20585761906303907 -0.20585761906303907 -0.20585761906303907 -0.20585761906303907 15
-20.097056656574278 -0.20585761906303907 -7.24919842808521 -0.20585761906303907 -0.20585761906303907 -0.20585761906303907    15
-19.597056656574278 -7.24919842808521 -6.647138436757248 -0.20585761906303907 -7.24919842808521 -0.20585761906303907         15
-19.097056656574278 -6.647138436757248 -6.1700171820375855 -0.20585761906303907 -0.20585761906303907 -6.647138436757248      15
-18.597056656574278 -6.045078445429286 -5.851258419413172 -0.20585761906303907 -6.948168432421229 -6.1030703924069725        15
-18.097056656574278 -5.362707702912728 -5.1700171820375855 -0.20585761906303907 -0.20585761906303907 -5.362707702912728      15
-17.597056656574278 -5.0370108236812525 -4.858263320981831 -0.20585761906303907 -7.24919842808521 -5.047801303764759         15
-17.097056656574278 -4.6857173426908 -4.562562158822917 -0.20585761906303907 -7.24919842808521 -4.684532363833121            15
-16.597056656574278 -4.460323312309794 -4.39307398384291 -0.20585761906303907 -7.24919842808521 -4.460323312309794           15
-16.097056656574278 -4.583617437067257 -4.576177520956314 -0.20585761906303907 -6.772077173365548 -4.58081251139521          15
-15.597056656574278 -4.9353312077160565 -5.006160379398915 -0.20585761906303907 -6.772077173365548 -4.9353312077160565       15
-15.097056656574278 -4.473224096955841 -4.403480410118552 -0.20585761906303907 -0.20585761906303907 -4.471771605695899       15
-14.597056656574278 -4.926979133351291 -5.196119984601791 -0.20585761906303907 -6.772077173365548 -4.926979133351291         15
-14.097056656574278 -5.22389256282044 -5.906775747263004 -0.20585761906303907 -6.647138436757248 -5.219814650400001          15
-13.597056656574278 -5.443018454101323 -6.1030703924069725 -0.20585761906303907 -7.24919842808521 -5.443018454101323         15
-13.097056656574278 -5.550228423749191 -6.471047177701567 -0.20585761906303907 -0.20585761906303907 -5.550228423749191       15
-12.597056656574278 -5.817834663926223 -6.948168432421229 -0.20585761906303907 -0.20585761906303907 -5.817834663926223       15
-12.097056656574278 -5.802040396742991 -6.948168432421229 -0.20585761906303907 -0.20585761906303907 -5.802040396742991       15
-11.597056656574278 -5.757836734250938 -7.24919842808521 -0.20585761906303907 -0.20585761906303907 -5.757836734250938        15
-11.097056656574278 -5.948168432421229 -0.20585761906303907 -0.20585761906303907 -0.20585761906303907 -5.948168432421229     15
#UV LF at redshift: 17.0                                                                                                       
#rest_Frame_mag num_Density_dust num_density_nodust num_Density_dust_diskins num_Density_dust_mergers num_Density_dust_disks
-30.597056656574278 -0.20585761906303907 -0.20585761906303907 -0.20585761906303907 -0.20585761906303907 -0.20585761906303907 17
-30.097056656574278 -0.20585761906303907 -0.20585761906303907 -0.20585761906303907 -0.20585761906303907 -0.20585761906303907 17
-29.597056656574278 -0.20585761906303907 -0.20585761906303907 -0.20585761906303907 -0.20585761906303907 -0.20585761906303907 17
-29.097056656574278 -0.20585761906303907 -0.20585761906303907 -0.20585761906303907 -0.20585761906303907 -0.20585761906303907 17
-28.597056656574278 -0.20585761906303907 -0.20585761906303907 -0.20585761906303907 -0.20585761906303907 -0.20585761906303907 17
-28.097056656574278 -0.20585761906303907 -0.20585761906303907 -0.20585761906303907 -0.20585761906303907 -0.20585761906303907 17
-27.597056656574278 -0.20585761906303907 -0.20585761906303907 -0.20585761906303907 -0.20585761906303907 -0.20585761906303907 17
-27.097056656574278 -0.20585761906303907 -0.20585761906303907 -0.20585761906303907 -0.20585761906303907 -0.20585761906303907 17
-26.597056656574278 -0.20585761906303907 -0.20585761906303907 -0.20585761906303907 -0.20585761906303907 -0.20585761906303907 17
-26.097056656574278 -0.20585761906303907 -0.20585761906303907 -0.20585761906303907 -0.20585761906303907 -0.20585761906303907 17
-25.597056656574278 -0.20585761906303907 -0.20585761906303907 -0.20585761906303907 -0.20585761906303907 -0.20585761906303907 17
-25.097056656574278 -0.20585761906303907 -0.20585761906303907 -0.20585761906303907 -0.20585761906303907 -0.20585761906303907 17
-24.597056656574278 -0.20585761906303907 -0.20585761906303907 -0.20585761906303907 -0.20585761906303907 -0.20585761906303907 17
-24.097056656574278 -0.20585761906303907 -0.20585761906303907 -0.20585761906303907 -0.20585761906303907 -0.20585761906303907 17
-23.597056656574278 -0.20585761906303907 -0.20585761906303907 -0.20585761906303907 -0.20585761906303907 -0.20585761906303907 17
-23.097056656574278 -0.20585761906303907 -0.20585761906303907 -0.20585761906303907 -0.20585761906303907 -0.20585761906303907 17
-22.597056656574278 -0.20585761906303907 -0.20585761906303907 -0.20585761906303907 -0.20585761906303907 -0.20585761906303907 17
-22.097056656574278 -0.20585761906303907 -0.20585761906303907 -0.20585761906303907 -0.20585761906303907 -0.20585761906303907 17
-21.597056656574278 -0.20585761906303907 -0.20585761906303907 -0.20585761906303907 -0.20585761906303907 -0.20585761906303907 17
-21.097056656574278 -0.20585761906303907 -0.20585761906303907 -0.20585761906303907 -0.20585761906303907 -0.20585761906303907 17
-20.597056656574278 -0.20585761906303907 -0.20585761906303907 -0.20585761906303907 -0.20585761906303907 -0.20585761906303907 17
-20.097056656574278 -0.20585761906303907 -0.20585761906303907 -0.20585761906303907 -0.20585761906303907 -0.20585761906303907 17
-19.597056656574278 -0.20585761906303907 -0.20585761906303907 -0.20585761906303907 -0.20585761906303907 -0.20585761906303907 17
-19.097056656574278 -0.20585761906303907 -0.20585761906303907 -0.20585761906303907 -0.20585761906303907 -0.20585761906303907 17
-18.597056656574278 -0.20585761906303907 -0.20585761906303907 -0.20585761906303907 -0.20585761906303907 -0.20585761906303907 17
-18.097056656574278 -6.948168432421229 -6.772077173365548 -0.20585761906303907 -0.20585761906303907 -6.948168432421229       17
-17.597056656574278 -6.1030703924069725 -5.906775747263004 -0.20585761906303907 -0.20585761906303907 -6.1030703924069725     17
-17.097056656574278 -5.692895927317923 -5.615729972505624 -0.20585761906303907 -0.20585761906303907 -5.692895927317923       17
-16.597056656574278 -5.6694148314684 -5.605745751599023 -0.20585761906303907 -0.20585761906303907 -5.6694148314684           17
-16.097056656574278 -5.757836734250938 -5.6694148314684 -0.20585761906303907 -0.20585761906303907 -5.757836734250938         17
-15.597056656574278 -6.045078445429286 -6.073107169029529 -0.20585761906303907 -0.20585761906303907 -6.045078445429286       17
-15.097056656574278 -5.567957190709623 -5.493323572412719 -0.20585761906303907 -0.20585761906303907 -5.567957190709623       17
-14.597056656574278 -5.993925922981904 -6.1030703924069725 -0.20585761906303907 -0.20585761906303907 -5.993925922981904      17
-14.097056656574278 -6.135255075778374 -6.550228423749191 -0.20585761906303907 -0.20585761906303907 -6.135255075778374       17
-13.597056656574278 -6.294955918645885 -0.20585761906303907 -0.20585761906303907 -0.20585761906303907 -6.294955918645885     17
-13.097056656574278 -6.948168432421229 -7.24919842808521 -0.20585761906303907 -0.20585761906303907 -6.948168432421229        17
-12.597056656574278 -6.647138436757248 -0.20585761906303907 -0.20585761906303907 -0.20585761906303907 -6.647138436757248     17
-12.097056656574278 -0.20585761906303907 -0.20585761906303907 -0.20585761906303907 -0.20585761906303907 -0.20585761906303907 17
-11.597056656574278 -7.24919842808521 -0.20585761906303907 -0.20585761906303907 -0.20585761906303907 -7.24919842808521       17
-11.097056656574278 -6.948168432421229 -0.20585761906303907 -0.20585761906303907 -0.20585761906303907 -6.948168432421229     17
