#UV LF at redshift: 6.0
#rest_Frame_mag num_Density_dust num_density_nodust num_Density_dust_diskins num_Density_dust_mergers num_Density_dust_disks
-30.597056656574278 -0.20585761906303907 -0.20585761906303907 -0.20585761906303907 -0.20585761906303907 -0.20585761906303907 6.0
-30.097056656574278 -0.20585761906303907 -0.20585761906303907 -0.20585761906303907 -0.20585761906303907 -0.20585761906303907 6.0
-29.597056656574278 -0.20585761906303907 -0.20585761906303907 -0.20585761906303907 -0.20585761906303907 -0.20585761906303907 6.0
-29.097056656574278 -0.20585761906303907 -0.20585761906303907 -0.20585761906303907 -0.20585761906303907 -0.20585761906303907 6.0
-28.597056656574278 -0.20585761906303907 -0.20585761906303907 -0.20585761906303907 -0.20585761906303907 -0.20585761906303907 6.0
-28.097056656574278 -0.20585761906303907 -0.20585761906303907 -0.20585761906303907 -0.20585761906303907 -0.20585761906303907 6.0
-27.597056656574278 -0.20585761906303907 -0.20585761906303907 -0.20585761906303907 -0.20585761906303907 -0.20585761906303907 6.0
-27.097056656574278 -0.20585761906303907 -0.20585761906303907 -0.20585761906303907 -0.20585761906303907 -0.20585761906303907 6.0
-26.597056656574278 -0.20585761906303907 -0.20585761906303907 -0.20585761906303907 -0.20585761906303907 -0.20585761906303907 6.0
-26.097056656574278 -0.20585761906303907 -0.20585761906303907 -0.20585761906303907 -0.20585761906303907 -0.20585761906303907 6.0
-25.597056656574278 -0.20585761906303907 -7.17752354512347 -0.20585761906303907 -0.20585761906303907 -0.20585761906303907 6.0
-25.097056656574278 -0.20585761906303907 -6.399372294739826 -0.20585761906303907 -0.20585761906303907 -0.20585761906303907 6.0
-24.597056656574278 -0.20585761906303907 -5.746159780964483 -0.20585761906303907 -0.20585761906303907 -0.20585761906303907 6.0
-24.097056656574278 -0.20585761906303907 -5.575463553795507 -0.20585761906303907 -0.20585761906303907 -0.20585761906303907 6.0
-23.597056656574278 -0.20585761906303907 -4.919844970254285 -0.20585761906303907 -0.20585761906303907 -0.20585761906303907 6.0
-23.097056656574278 -7.17752354512347 -4.562626329090335 -0.20585761906303907 -0.20585761906303907 -7.17752354512347 6.0
-22.597056656574278 -6.274433558131526 -4.248615854879517 -6.700402290403807 -6.8764935494594885 -6.8764935494594885 6.0
-22.097056656574278 -5.505425687187753 -3.959776471860676 -6.399372294739826 -6.399372294739826 -5.835100864301264 6.0
-21.597056656574278 -4.8636563247543165 -3.732698345613722 -5.686161851289198 -5.815795709105877 -5.0806135321154136 6.0
-21.097056656574278 -4.379563901386273 -3.46630702080238 -5.043984636753253 -5.609321821056475 -4.638447446330693 6.0
-20.597056656574278 -3.87389556873958 -3.24856470424264 -4.532101275774378 -5.022187507658408 -4.165953101526192 6.0
-20.097056656574278 -3.4312786734032716 -3.045456063819463 -4.134161267102341 -4.719641648389477 -3.6757798154954755 6.0
-19.597056656574278 -3.0406761951660153 -2.794426615174376 -3.814287740639776 -4.416347731967738 -3.25479808713021 6.0
-19.097056656574278 -2.7155750499197078 -2.5695862403690635 -3.5712496919534815 -4.147328759766719 -2.8977197651293665 6.0
-18.597056656574278 -2.4801895656973256 -2.415708427510401 -3.316945993879054 -3.9816238927142362 -2.627833806411153 6.0
-18.097056656574278 -2.2910553812893086 -2.2502712687409696 -3.037612989247787 -3.8296083586217784 -2.402175281880715 6.0
-17.597056656574278 -2.135507502740695 -2.0729715676244185 -2.884116789660686 -3.690243728680401 -2.2066840659804976 6.0
-17.097056656574278 -2.0161285875158104 -1.9588935241867045 -2.7756923702145215 -3.5752464608232772 -2.048007663314503 6.0
-16.597056656574278 -1.9452569507029898 -1.9004417629978239 -2.7002430782808817 -3.447064285077701 -1.9417123938423986 6.0
-16.097056656574278 -1.8996645973662982 -1.8600954125491587 -2.6330586129394007 -3.3099382185764337 -1.8646377577795885 6.0
-15.597056656574278 -1.9533246837511928 -1.9474810068929687 -2.5996757238216874 -3.2010818557446252 -1.904580182851391 6.0
-15.097056656574278 -2.257400218832746 -2.389602806569415 -2.5873841907538306 -3.12671859731001 -2.2071766688933767 6.0
-14.597056656574278 -2.542713879740435 -2.888068379453185 -2.6270750422235007 -3.09287578426874 -2.493981225165819 6.0
-14.097056656574278 -2.7518589254403496 -3.3006132337788427 -2.695221777900027 -3.0907011880244077 -2.687508849986706 6.0
-13.597056656574278 -2.903804832437274 -3.6154687154670913 -2.7713752580438342 -3.1001919839944794 -2.8337408904539405 6.0
-13.097056656574278 -3.0426454999283408 -3.86810631934533 -2.8591262659059584 -3.127608109449972 -2.9606981218574226 6.0
-12.597056656574278 -3.166672587749547 -4.118718058447563 -2.9589880399069424 -3.1651503779009804 -3.0704153751749157 6.0
-12.097056656574278 -3.2693066920340774 -4.351448742422644 -3.1001919839944794 -3.186652140321984 -3.16153543973934 6.0
-11.597056656574278 -3.3720226869650696 -4.515710859586209 -3.29443018654778 -3.1734172218438115 -3.2597555426757134 6.0
-11.097056656574278 -3.470805762786711 -4.7813241980277335 -3.546181258639537 -3.1521767106136425 -3.353853731855333 6.0
#UV LF at redshift: 8.0
#rest_Frame_mag num_Density_dust num_density_nodust num_Density_dust_diskins num_Density_dust_mergers num_Density_dust_disks
-30.597056656574278 -0.20585761906303907 -0.20585761906303907 -0.20585761906303907 -0.20585761906303907 -0.20585761906303907 8.0
-30.097056656574278 -0.20585761906303907 -0.20585761906303907 -0.20585761906303907 -0.20585761906303907 -0.20585761906303907 8.0
-29.597056656574278 -0.20585761906303907 -0.20585761906303907 -0.20585761906303907 -0.20585761906303907 -0.20585761906303907 8.0
-29.097056656574278 -0.20585761906303907 -0.20585761906303907 -0.20585761906303907 -0.20585761906303907 -0.20585761906303907 8.0
-28.597056656574278 -0.20585761906303907 -0.20585761906303907 -0.20585761906303907 -0.20585761906303907 -0.20585761906303907 8.0
-28.097056656574278 -0.20585761906303907 -0.20585761906303907 -0.20585761906303907 -0.20585761906303907 -0.20585761906303907 8.0
-27.597056656574278 -0.20585761906303907 -0.20585761906303907 -0.20585761906303907 -0.20585761906303907 -0.20585761906303907 8.0
-27.097056656574278 -0.20585761906303907 -0.20585761906303907 -0.20585761906303907 -0.20585761906303907 -0.20585761906303907 8.0
-26.597056656574278 -0.20585761906303907 -0.20585761906303907 -0.20585761906303907 -0.20585761906303907 -0.20585761906303907 8.0
-26.097056656574278 -0.20585761906303907 -0.20585761906303907 -0.20585761906303907 -0.20585761906303907 -0.20585761906303907 8.0
-25.597056656574278 -0.20585761906303907 -0.20585761906303907 -0.20585761906303907 -0.20585761906303907 -0.20585761906303907 8.0
-25.097056656574278 -0.20585761906303907 -0.20585761906303907 -0.20585761906303907 -0.20585761906303907 -0.20585761906303907 8.0
-24.597056656574278 -0.20585761906303907 -0.20585761906303907 -0.20585761906303907 -0.20585761906303907 -0.20585761906303907 8.0
-24.097056656574278 -0.20585761906303907 -6.399372294739826 -0.20585761906303907 -0.20585761906303907 -0.20585761906303907 8.0
-23.597056656574278 -0.20585761906303907 -5.797312303411864 -0.20585761906303907 -0.20585761906303907 -0.20585761906303907 8.0
-23.097056656574278 -0.20585761906303907 -5.399372294739826 -0.20585761906303907 -0.20585761906303907 -0.20585761906303907 8.0
-22.597056656574278 -6.8764935494594885 -4.905681938586971 -6.8764935494594885 -0.20585761906303907 -0.20585761906303907 8.0
-22.097056656574278 -6.17752354512347 -4.40520183840055 -6.399372294739826 -7.17752354512347 -7.17752354512347 8.0
-21.597056656574278 -5.429335518117269 -4.037644458722234 -5.5147657134418955 -6.399372294739826 -7.17752354512347 8.0
-21.097056656574278 -4.8234151059760695 -3.771324121460157 -4.995679957178697 -5.835100864301264 -5.835100864301264 8.0
-20.597056656574278 -4.348219772292445 -3.553860837767265 -4.564739688403734 -5.469953369025534 -5.12444510164005 8.0
-20.097056656574278 -3.8674678073725786 -3.3526170738213574 -4.13024867773929 -5.209040596569535 -4.550157688530737 8.0
-19.597056656574278 -3.4832694330981915 -3.1914687643537745 -3.828051745909084 -4.783071864297254 -4.053998564180738 8.0
-19.097056656574278 -3.1716569432480846 -3.0286125520141134 -3.5862362800649707 -4.623640518479595 -3.611675726449952 8.0
-18.597056656574278 -2.9092264578997034 -2.834666786821945 -3.386043429103469 -4.400096722734158 -3.2288661129821494 8.0
-18.097056656574278 -2.701954042995993 -2.653621072389649 -3.227110005754089 -4.229599925291744 -2.9342870071823937 8.0
-17.597056656574278 -2.5409253339295734 -2.5025797769326905 -3.0875478224357407 -4.046868196101439 -2.6995201215253326 8.0
-17.097056656574278 -2.4519304033569673 -2.4187478639909967 -2.996795697378963 -3.8863767833915843 -2.5241662906429356 8.0
-16.597056656574278 -2.452936406147197 -2.4473794567924703 -2.961357642837477 -3.7593880466982377 -2.439591799336829 8.0
-16.097056656574278 -2.7426992488549757 -2.897195626375794 -2.962176842261302 -3.6633744106480326 -2.5470651586773894 8.0
-15.597056656574278 -2.8186373407176006 -2.907777171992703 -3.0416279695594506 -3.5948921056338334 -2.564347940852752 8.0
-15.097056656574278 -3.0638475332263697 -3.258236204619087 -3.0570154210973657 -3.5450662529387453 -2.9060536865077244 8.0
-14.597056656574278 -3.3170058676617233 -3.6982362286473 -3.104245209487635 -3.488481206095298 -3.1891875892674193 8.0
-14.097056656574278 -3.504226105363834 -4.038589604866546 -3.191020529736729 -3.429723454259101 -3.347769626198495 8.0
-13.597056656574278 -3.675233017208697 -4.360619705747809 -3.3417695776040865 -3.384362015877919 -3.4856467225641383 8.0
-13.097056656574278 -3.798943969007695 -4.59206281561497 -3.5856801338986855 -3.338485671735164 -3.579061344649319 8.0
-12.597056656574278 -3.923217212792184 -4.845085085207865 -3.8865989857407155 -3.283429117800771 -3.6847631560966323 8.0
-12.097056656574278 -4.038274327551862 -5.14813976743826 -4.043984636753253 -3.261227550560339 -3.7769855557315237 8.0
-11.597056656574278 -4.143296284352919 -5.392193710112703 -4.1396987945351285 -3.2331889531526876 -3.8859327194654685 8.0
-11.097056656574278 -4.248104619409177 -5.609321821056475 -4.2728079998447885 -3.229795818160154 -3.9739467701454974 8.0
#UV LF at redshift: 10.0
#rest_Frame_mag num_Density_dust num_density_nodust num_Density_dust_diskins num_Density_dust_mergers num_Density_dust_disks
-30.597056656574278 -0.20585761906303907 -0.20585761906303907 -0.20585761906303907 -0.20585761906303907 -0.20585761906303907 10.0
-30.097056656574278 -0.20585761906303907 -0.20585761906303907 -0.20585761906303907 -0.20585761906303907 -0.20585761906303907 10.0
-29.597056656574278 -0.20585761906303907 -0.20585761906303907 -0.20585761906303907 -0.20585761906303907 -0.20585761906303907 10.0
-29.097056656574278 -0.20585761906303907 -0.20585761906303907 -0.20585761906303907 -0.20585761906303907 -0.20585761906303907 10.0
-28.597056656574278 -0.20585761906303907 -0.20585761906303907 -0.20585761906303907 -0.20585761906303907 -0.20585761906303907 10.0
-28.097056656574278 -0.20585761906303907 -0.20585761906303907 -0.20585761906303907 -0.20585761906303907 -0.20585761906303907 10.0
-27.597056656574278 -0.20585761906303907 -0.20585761906303907 -0.20585761906303907 -0.20585761906303907 -0.20585761906303907 10.0
-27.097056656574278 -0.20585761906303907 -0.20585761906303907 -0.20585761906303907 -0.20585761906303907 -0.20585761906303907 10.0
-26.597056656574278 -0.20585761906303907 -0.20585761906303907 -0.20585761906303907 -0.20585761906303907 -0.20585761906303907 10.0
-26.097056656574278 -0.20585761906303907 -0.20585761906303907 -0.20585761906303907 -0.20585761906303907 -0.20585761906303907 10.0
-25.597056656574278 -0.20585761906303907 -0.20585761906303907 -0.20585761906303907 -0.20585761906303907 -0.20585761906303907 10.0
-25.097056656574278 -0.20585761906303907 -0.20585761906303907 -0.20585761906303907 -0.20585761906303907 -0.20585761906303907 10.0
-24.597056656574278 -0.20585761906303907 -0.20585761906303907 -0.20585761906303907 -0.20585761906303907 -0.20585761906303907 10.0
-24.097056656574278 -0.20585761906303907 -0.20585761906303907 -0.20585761906303907 -0.20585761906303907 -0.20585761906303907 10.0
-23.597056656574278 -0.20585761906303907 -0.20585761906303907 -0.20585761906303907 -0.20585761906303907 -0.20585761906303907 10.0
-23.097056656574278 -0.20585761906303907 -6.274433558131526 -0.20585761906303907 -0.20585761906303907 -0.20585761906303907 10.0
-22.597056656574278 -0.20585761906303907 -5.487327465094956 -0.20585761906303907 -0.20585761906303907 -0.20585761906303907 10.0
-22.097056656574278 -6.478553540787451 -5.116825704769858 -6.478553540787451 -0.20585761906303907 -0.20585761906303907 10.0
-21.597056656574278 -6.063580192816633 -4.719641648389477 -6.136130859965245 -7.17752354512347 -0.20585761906303907 10.0
-21.097056656574278 -5.399372294739826 -4.423175209412451 -5.478553540787451 -6.700402290403807 -6.8764935494594885 10.0
-20.597056656574278 -4.8786704687137625 -4.184970027291334 -4.987191846953179 -6.274433558131526 -6.2232810356841455 10.0
-20.097056656574278 -4.503581546489382 -4.0002757088678464 -4.660327647173496 -5.715125547224513 -5.898769944170641 10.0
-19.597056656574278 -4.152627585015985 -3.838072103817029 -4.316586924423376 -5.6723735668035635 -5.14813976743826 10.0
-19.097056656574278 -3.849960284936192 -3.666576596450497 -4.076120194568139 -5.326265196404394 -4.589812580104558 10.0
-18.597056656574278 -3.592853160659121 -3.5078348370672616 -3.9061466732293955 -5.053671904156384 -4.1267572338904275 10.0
-18.097056656574278 -3.394263312250521 -3.359099690031391 -3.770983364689515 -4.851187684194718 -3.757237660181552 10.0
-17.597056656574278 -3.2728620872079452 -3.2680210037180544 -3.7299004473631836 -4.63469811816429 -3.4901729755654425 10.0
-17.097056656574278 -3.2694676710247026 -3.3099971339237264 -3.72252632781401 -4.5147657134418955 -3.317904966351289 10.0
-16.597056656574278 -3.466560426128194 -3.604535836925265 -3.8872662757289516 -4.325653944393704 -3.3427214910747707 10.0
-16.097056656574278 -3.622429096545151 -3.711843333525192 -3.832542131196212 -4.2067119342509525 -3.2945438910861706 10.0
-15.597056656574278 -3.552519944108606 -3.568569845847607 -3.8020428305048974 -4.084101859961235 -3.274759401199384 10.0
-15.097056656574278 -3.9399798069805954 -4.11985744121364 -3.826694271540502 -4.049771029290497 -3.7181310573642388 10.0
-14.597056656574278 -4.176655823592243 -4.576550649436721 -3.920084978263656 -3.978042630261114 -3.987472127364264 10.0
-14.097056656574278 -4.390063070605055 -4.970697669091621 -4.164264879839953 -3.9430062616107833 -4.142494262921101 10.0
-13.597056656574278 -4.571142180012865 -5.371343571139583 -4.420127516330446 -3.922251040020164 -4.305367272375177 10.0
-13.097056656574278 -4.668321022792367 -5.59773994850666 -4.5584302144967275 -3.9155473537256573 -4.376806466841085 10.0
-12.597056656574278 -4.772689828503532 -5.947074623745196 -4.754277671186662 -3.9273475970395446 -4.480294202363752 10.0
-12.097056656574278 -4.8678933776975715 -6.136130859965245 -4.865769684067716 -3.9900028242870067 -4.598884335155398 10.0
-11.597056656574278 -5.0504187467586625 -6.478553540787451 -5.022187507658408 -4.0078491110646635 -4.739772982303082 10.0
-11.097056656574278 -5.053671904156384 -6.332425505109213 -5.152217679858699 -4.093662744256896 -4.772689828503532 10.0
#UV LF at redshift: 13.0
#rest_Frame_mag num_Density_dust num_density_nodust num_Density_dust_diskins num_Density_dust_mergers num_Density_dust_disks
-30.597056656574278 -0.20585761906303907 -0.20585761906303907 -0.20585761906303907 -0.20585761906303907 -0.20585761906303907 13.0
-30.097056656574278 -0.20585761906303907 -0.20585761906303907 -0.20585761906303907 -0.20585761906303907 -0.20585761906303907 13.0
-29.597056656574278 -0.20585761906303907 -0.20585761906303907 -0.20585761906303907 -0.20585761906303907 -0.20585761906303907 13.0
-29.097056656574278 -0.20585761906303907 -0.20585761906303907 -0.20585761906303907 -0.20585761906303907 -0.20585761906303907 13.0
-28.597056656574278 -0.20585761906303907 -0.20585761906303907 -0.20585761906303907 -0.20585761906303907 -0.20585761906303907 13.0
-28.097056656574278 -0.20585761906303907 -0.20585761906303907 -0.20585761906303907 -0.20585761906303907 -0.20585761906303907 13.0
-27.597056656574278 -0.20585761906303907 -0.20585761906303907 -0.20585761906303907 -0.20585761906303907 -0.20585761906303907 13.0
-27.097056656574278 -0.20585761906303907 -0.20585761906303907 -0.20585761906303907 -0.20585761906303907 -0.20585761906303907 13.0
-26.597056656574278 -0.20585761906303907 -0.20585761906303907 -0.20585761906303907 -0.20585761906303907 -0.20585761906303907 13.0
-26.097056656574278 -0.20585761906303907 -0.20585761906303907 -0.20585761906303907 -0.20585761906303907 -0.20585761906303907 13.0
-25.597056656574278 -0.20585761906303907 -0.20585761906303907 -0.20585761906303907 -0.20585761906303907 -0.20585761906303907 13.0
-25.097056656574278 -0.20585761906303907 -0.20585761906303907 -0.20585761906303907 -0.20585761906303907 -0.20585761906303907 13.0
-24.597056656574278 -0.20585761906303907 -0.20585761906303907 -0.20585761906303907 -0.20585761906303907 -0.20585761906303907 13.0
-24.097056656574278 -0.20585761906303907 -0.20585761906303907 -0.20585761906303907 -0.20585761906303907 -0.20585761906303907 13.0
-23.597056656574278 -0.20585761906303907 -7.17752354512347 -0.20585761906303907 -0.20585761906303907 -0.20585761906303907 13.0
-23.097056656574278 -0.20585761906303907 -0.20585761906303907 -0.20585761906303907 -0.20585761906303907 -0.20585761906303907 13.0
-22.597056656574278 -0.20585761906303907 -7.17752354512347 -0.20585761906303907 -0.20585761906303907 -0.20585761906303907 13.0
-22.097056656574278 -0.20585761906303907 -6.575463553795507 -0.20585761906303907 -0.20585761906303907 -0.20585761906303907 13.0
-21.597056656574278 -7.17752354512347 -6.399372294739826 -7.17752354512347 -0.20585761906303907 -0.20585761906303907 13.0
-21.097056656574278 -6.8764935494594885 -5.973403562467545 -6.8764935494594885 -0.20585761906303907 -0.20585761906303907 13.0
-20.597056656574278 -6.478553540787451 -5.73036551378125 -6.478553540787451 -0.20585761906303907 -0.20585761906303907 13.0
-20.097056656574278 -5.8764935494594885 -5.345014632417233 -6.031395509445232 -0.20585761906303907 -0.20585761906303907 13.0
-19.597056656574278 -5.554274254725569 -5.218482152802376 -5.633455500773194 -0.20585761906303907 -7.17752354512347 13.0
-19.097056656574278 -5.213735717777914 -5.0161555428884945 -5.385131855625216 -6.575463553795507 -6.700402290403807 13.0
-18.597056656574278 -5.0191610530282205 -4.987191846953179 -5.258445452747396 -6.2232810356841455 -5.85530425038955 13.0
-18.097056656574278 -4.990002824287007 -5.091163714448721 -5.18188835052592 -6.2232810356841455 -5.487327465094956 13.0
-17.597056656574278 -4.9985465978303 -5.084101859961235 -5.544055089543884 -5.8764935494594885 -5.12444510164005 13.0
-17.097056656574278 -4.843069793972539 -4.93201087730932 -5.633455500773194 -5.609321821056475 -4.855304250389551 13.0
-16.597056656574278 -5.308291825392494 -5.46152020148867 -5.609321821056475 -5.534070868637283 -5.010206210375294 13.0
-16.097056656574278 -4.978866458169048 -4.919844970254285 -5.586458938096971 -5.544055089543884 -4.661649701411791 13.0
-15.597056656574278 -5.0191610530282205 -5.043984636753253 -5.478553540787451 -5.3781829956698886 -4.829218682075309 13.0
-15.097056656574278 -5.478553540787451 -5.815795709105877 -5.46152020148867 -5.5147657134418955 -5.308291825392494 13.0
-14.597056656574278 -5.621221044356183 -5.947074623745196 -5.797312303411864 -5.437160855629226 -5.5147657134418955 13.0
-14.097056656574278 -6.063580192816633 -6.575463553795507 -5.898769944170641 -5.59773994850666 -5.762550197152652 13.0
-13.597056656574278 -6.136130859965245 -6.575463553795507 -6.0014322860677884 -5.686161851289198 -5.762550197152652 13.0
-13.097056656574278 -6.2232810356841455 -7.17752354512347 -6.063580192816633 -5.898769944170641 -5.835100864301264 13.0
-12.597056656574278 -6.274433558131526 -0.20585761906303907 -6.2232810356841455 -6.031395509445232 -6.0014322860677884 13.0
-12.097056656574278 -6.274433558131526 -0.20585761906303907 -6.575463553795507 -6.274433558131526 -6.063580192816633 13.0
-11.597056656574278 -6.478553540787451 -0.20585761906303907 -6.575463553795507 -6.274433558131526 -6.274433558131526 13.0
-11.097056656574278 -6.8764935494594885 -0.20585761906303907 -6.478553540787451 -6.399372294739826 -6.478553540787451 13.0
#UV LF at redshift: 15.0
#rest_Frame_mag num_Density_dust num_density_nodust num_Density_dust_diskins num_Density_dust_mergers num_Density_dust_disks
-30.597056656574278 -0.20585761906303907 -0.20585761906303907 -0.20585761906303907 -0.20585761906303907 -0.20585761906303907 15.0
-30.097056656574278 -0.20585761906303907 -0.20585761906303907 -0.20585761906303907 -0.20585761906303907 -0.20585761906303907 15.0
-29.597056656574278 -0.20585761906303907 -0.20585761906303907 -0.20585761906303907 -0.20585761906303907 -0.20585761906303907 15.0
-29.097056656574278 -0.20585761906303907 -0.20585761906303907 -0.20585761906303907 -0.20585761906303907 -0.20585761906303907 15.0
-28.597056656574278 -0.20585761906303907 -0.20585761906303907 -0.20585761906303907 -0.20585761906303907 -0.20585761906303907 15.0
-28.097056656574278 -0.20585761906303907 -0.20585761906303907 -0.20585761906303907 -0.20585761906303907 -0.20585761906303907 15.0
-27.597056656574278 -0.20585761906303907 -0.20585761906303907 -0.20585761906303907 -0.20585761906303907 -0.20585761906303907 15.0
-27.097056656574278 -0.20585761906303907 -0.20585761906303907 -0.20585761906303907 -0.20585761906303907 -0.20585761906303907 15.0
-26.597056656574278 -0.20585761906303907 -0.20585761906303907 -0.20585761906303907 -0.20585761906303907 -0.20585761906303907 15.0
-26.097056656574278 -0.20585761906303907 -0.20585761906303907 -0.20585761906303907 -0.20585761906303907 -0.20585761906303907 15.0
-25.597056656574278 -0.20585761906303907 -0.20585761906303907 -0.20585761906303907 -0.20585761906303907 -0.20585761906303907 15.0
-25.097056656574278 -0.20585761906303907 -0.20585761906303907 -0.20585761906303907 -0.20585761906303907 -0.20585761906303907 15.0
-24.597056656574278 -0.20585761906303907 -0.20585761906303907 -0.20585761906303907 -0.20585761906303907 -0.20585761906303907 15.0
-24.097056656574278 -0.20585761906303907 -0.20585761906303907 -0.20585761906303907 -0.20585761906303907 -0.20585761906303907 15.0
-23.597056656574278 -0.20585761906303907 -0.20585761906303907 -0.20585761906303907 -0.20585761906303907 -0.20585761906303907 15.0
-23.097056656574278 -0.20585761906303907 -0.20585761906303907 -0.20585761906303907 -0.20585761906303907 -0.20585761906303907 15.0
-22.597056656574278 -0.20585761906303907 -0.20585761906303907 -0.20585761906303907 -0.20585761906303907 -0.20585761906303907 15.0
-22.097056656574278 -0.20585761906303907 -7.070313575475602 -0.20585761906303907 -0.20585761906303907 -0.20585761906303907 15.0
-21.597056656574278 -0.20585761906303907 -0.20585761906303907 -0.20585761906303907 -0.20585761906303907 -0.20585761906303907 15.0
-21.097056656574278 -0.20585761906303907 -7.070313575475602 -0.20585761906303907 -0.20585761906303907 -0.20585761906303907 15.0
-20.597056656574278 -0.20585761906303907 -6.769283579811621 -0.20585761906303907 -0.20585761906303907 -0.20585761906303907 15.0
-20.097056656574278 -7.070313575475602 -6.292162325091958 -0.20585761906303907 -0.20585761906303907 -0.20585761906303907 15.0
-19.597056656574278 -6.225215535461345 -6.0289208903173765 -6.371343571139583 -7.070313575475602 -0.20585761906303907 15.0
-19.097056656574278 -6.371343571139583 -5.956370223168765 -6.769283579811621 -7.070313575475602 -0.20585761906303907 15.0
-18.597056656574278 -6.070313575475602 -6.468253584147639 -6.116071066036277 -7.070313575475602 -7.070313575475602 15.0
-18.097056656574278 -6.371343571139583 -6.371343571139583 -6.769283579811621 -6.593192320755939 -6.769283579811621 15.0
-17.597056656574278 -5.991132329427977 -6.167223588483658 -7.070313575475602 -6.593192320755939 -6.116071066036277 15.0
-17.097056656574278 -6.0289208903173765 -6.070313575475602 -6.371343571139583 -7.070313575475602 -5.991132329427977 15.0
-16.597056656574278 -6.371343571139583 -7.070313575475602 -6.769283579811621 -6.468253584147639 -6.167223588483658 15.0
-16.097056656574278 -5.8150410703722955 -5.748094280741682 -6.292162325091958 -7.070313575475602 -5.607915577576646 15.0
-15.597056656574278 -5.991132329427977 -6.070313575475602 -6.593192320755939 -6.769283579811621 -5.894222316419921 15.0
-15.097056656574278 -6.593192320755939 -7.070313575475602 -7.070313575475602 -7.070313575475602 -6.371343571139583 15.0
-14.597056656574278 -7.070313575475602 -0.20585761906303907 -6.769283579811621 -6.769283579811621 -6.769283579811621 15.0
-14.097056656574278 -6.769283579811621 -0.20585761906303907 -7.070313575475602 -6.769283579811621 -6.593192320755939 15.0
-13.597056656574278 -0.20585761906303907 -0.20585761906303907 -7.070313575475602 -7.070313575475602 -6.769283579811621 15.0
-13.097056656574278 -0.20585761906303907 -0.20585761906303907 -0.20585761906303907 -6.769283579811621 -0.20585761906303907 15.0
-12.597056656574278 -0.20585761906303907 -0.20585761906303907 -0.20585761906303907 -7.070313575475602 -0.20585761906303907 15.0
-12.097056656574278 -0.20585761906303907 -0.20585761906303907 -0.20585761906303907 -0.20585761906303907 -7.070313575475602 15.0
-11.597056656574278 -0.20585761906303907 -0.20585761906303907 -7.070313575475602 -6.769283579811621 -7.070313575475602 15.0
-11.097056656574278 -7.070313575475602 -0.20585761906303907 -0.20585761906303907 -0.20585761906303907 -7.070313575475602 15.0
#UV LF at redshift: 17.0
#rest_Frame_mag num_Density_dust num_density_nodust num_Density_dust_diskins num_Density_dust_mergers num_Density_dust_disks
-30.597056656574278 -0.20585761906303907 -0.20585761906303907 -0.20585761906303907 -0.20585761906303907 -0.20585761906303907 17.0
-30.097056656574278 -0.20585761906303907 -0.20585761906303907 -0.20585761906303907 -0.20585761906303907 -0.20585761906303907 17.0
-29.597056656574278 -0.20585761906303907 -0.20585761906303907 -0.20585761906303907 -0.20585761906303907 -0.20585761906303907 17.0
-29.097056656574278 -0.20585761906303907 -0.20585761906303907 -0.20585761906303907 -0.20585761906303907 -0.20585761906303907 17.0
-28.597056656574278 -0.20585761906303907 -0.20585761906303907 -0.20585761906303907 -0.20585761906303907 -0.20585761906303907 17.0
-28.097056656574278 -0.20585761906303907 -0.20585761906303907 -0.20585761906303907 -0.20585761906303907 -0.20585761906303907 17.0
-27.597056656574278 -0.20585761906303907 -0.20585761906303907 -0.20585761906303907 -0.20585761906303907 -0.20585761906303907 17.0
-27.097056656574278 -0.20585761906303907 -0.20585761906303907 -0.20585761906303907 -0.20585761906303907 -0.20585761906303907 17.0
-26.597056656574278 -0.20585761906303907 -0.20585761906303907 -0.20585761906303907 -0.20585761906303907 -0.20585761906303907 17.0
-26.097056656574278 -0.20585761906303907 -0.20585761906303907 -0.20585761906303907 -0.20585761906303907 -0.20585761906303907 17.0
-25.597056656574278 -0.20585761906303907 -0.20585761906303907 -0.20585761906303907 -0.20585761906303907 -0.20585761906303907 17.0
-25.097056656574278 -0.20585761906303907 -0.20585761906303907 -0.20585761906303907 -0.20585761906303907 -0.20585761906303907 17.0
-24.597056656574278 -0.20585761906303907 -0.20585761906303907 -0.20585761906303907 -0.20585761906303907 -0.20585761906303907 17.0
-24.097056656574278 -0.20585761906303907 -0.20585761906303907 -0.20585761906303907 -0.20585761906303907 -0.20585761906303907 17.0
-23.597056656574278 -0.20585761906303907 -0.20585761906303907 -0.20585761906303907 -0.20585761906303907 -0.20585761906303907 17.0
-23.097056656574278 -0.20585761906303907 -0.20585761906303907 -0.20585761906303907 -0.20585761906303907 -0.20585761906303907 17.0
-22.597056656574278 -0.20585761906303907 -0.20585761906303907 -0.20585761906303907 -0.20585761906303907 -0.20585761906303907 17.0
-22.097056656574278 -0.20585761906303907 -0.20585761906303907 -0.20585761906303907 -0.20585761906303907 -0.20585761906303907 17.0
-21.597056656574278 -0.20585761906303907 -0.20585761906303907 -0.20585761906303907 -0.20585761906303907 -0.20585761906303907 17.0
-21.097056656574278 -0.20585761906303907 -0.20585761906303907 -0.20585761906303907 -0.20585761906303907 -0.20585761906303907 17.0
-20.597056656574278 -0.20585761906303907 -0.20585761906303907 -0.20585761906303907 -0.20585761906303907 -0.20585761906303907 17.0
-20.097056656574278 -0.20585761906303907 -0.20585761906303907 -0.20585761906303907 -0.20585761906303907 -0.20585761906303907 17.0
-19.597056656574278 -0.20585761906303907 -0.20585761906303907 -0.20585761906303907 -0.20585761906303907 -0.20585761906303907 17.0
-19.097056656574278 -0.20585761906303907 -0.20585761906303907 -0.20585761906303907 -0.20585761906303907 -0.20585761906303907 17.0
-18.597056656574278 -0.20585761906303907 -5.973403562467545 -0.20585761906303907 -0.20585761906303907 -0.20585761906303907 17.0
-18.097056656574278 -5.973403562467545 -5.6723735668035635 -0.20585761906303907 -0.20585761906303907 -5.973403562467545 17.0
-17.597056656574278 -0.20585761906303907 -0.20585761906303907 -0.20585761906303907 -0.20585761906303907 -0.20585761906303907 17.0
-17.097056656574278 -0.20585761906303907 -0.20585761906303907 -0.20585761906303907 -0.20585761906303907 -0.20585761906303907 17.0
-16.597056656574278 -0.20585761906303907 -0.20585761906303907 -0.20585761906303907 -0.20585761906303907 -0.20585761906303907 17.0
-16.097056656574278 -5.496282307747882 -5.6723735668035635 -0.20585761906303907 -0.20585761906303907 -5.6723735668035635 17.0
-15.597056656574278 -0.20585761906303907 -0.20585761906303907 -0.20585761906303907 -0.20585761906303907 -5.973403562467545 17.0
-15.097056656574278 -0.20585761906303907 -0.20585761906303907 -0.20585761906303907 -0.20585761906303907 -0.20585761906303907 17.0
-14.597056656574278 -0.20585761906303907 -0.20585761906303907 -5.973403562467545 -0.20585761906303907 -0.20585761906303907 17.0
-14.097056656574278 -0.20585761906303907 -0.20585761906303907 -0.20585761906303907 -0.20585761906303907 -0.20585761906303907 17.0
-13.597056656574278 -0.20585761906303907 -0.20585761906303907 -0.20585761906303907 -0.20585761906303907 -0.20585761906303907 17.0
-13.097056656574278 -0.20585761906303907 -0.20585761906303907 -0.20585761906303907 -0.20585761906303907 -0.20585761906303907 17.0
-12.597056656574278 -0.20585761906303907 -0.20585761906303907 -0.20585761906303907 -0.20585761906303907 -0.20585761906303907 17.0
-12.097056656574278 -0.20585761906303907 -0.20585761906303907 -0.20585761906303907 -0.20585761906303907 -0.20585761906303907 17.0
-11.597056656574278 -5.973403562467545 -0.20585761906303907 -0.20585761906303907 -0.20585761906303907 -5.973403562467545 17.0
-11.097056656574278 -0.20585761906303907 -0.20585761906303907 -0.20585761906303907 -0.20585761906303907 -0.20585761906303907 17.0
