#UV LF at redshift: 6
#rest_Frame_mag num_Density_dust num_density_nodust num_Density_dust_diskins num_Density_dust_mergers num_Density_dust_disks
-30.597056656574278 -0.20585761906303907 -0.20585761906303907 -0.20585761906303907 -0.20585761906303907 -0.20585761906303907 6
-30.097056656574278 -0.20585761906303907 -0.20585761906303907 -0.20585761906303907 -0.20585761906303907 -0.20585761906303907 6
-29.597056656574278 -0.20585761906303907 -0.20585761906303907 -0.20585761906303907 -0.20585761906303907 -0.20585761906303907 6
-29.097056656574278 -0.20585761906303907 -0.20585761906303907 -0.20585761906303907 -0.20585761906303907 -0.20585761906303907 6
-28.597056656574278 -0.20585761906303907 -0.20585761906303907 -0.20585761906303907 -0.20585761906303907 -0.20585761906303907 6
-28.097056656574278 -0.20585761906303907 -0.20585761906303907 -0.20585761906303907 -0.20585761906303907 -0.20585761906303907 6
-27.597056656574278 -0.20585761906303907 -0.20585761906303907 -0.20585761906303907 -0.20585761906303907 -0.20585761906303907 6
-27.097056656574278 -0.20585761906303907 -0.20585761906303907 -0.20585761906303907 -0.20585761906303907 -0.20585761906303907 6
-26.597056656574278 -0.20585761906303907 -0.20585761906303907 -0.20585761906303907 -0.20585761906303907 -0.20585761906303907 6
-26.097056656574278 -0.20585761906303907 -0.20585761906303907 -0.20585761906303907 -0.20585761906303907 -0.20585761906303907 6
-25.597056656574278 -0.20585761906303907 -0.20585761906303907 -0.20585761906303907 -0.20585761906303907 -0.20585761906303907 6
-25.097056656574278 -0.20585761906303907 -0.20585761906303907 -0.20585761906303907 -0.20585761906303907 -0.20585761906303907 6
-24.597056656574278 -0.20585761906303907 -0.20585761906303907 -0.20585761906303907 -0.20585761906303907 -0.20585761906303907 6
-24.097056656574278 -0.20585761906303907 -0.20585761906303907 -0.20585761906303907 -0.20585761906303907 -0.20585761906303907 6
-23.597056656574278 -0.20585761906303907 -5.307775673929768 -0.20585761906303907 -0.20585761906303907 -0.20585761906303907 6
-23.097056656574278 -0.20585761906303907 -5.307775673929768 -0.20585761906303907 -0.20585761906303907 -0.20585761906303907 6
-22.597056656574278 -0.20585761906303907 -4.830654419210106 -0.20585761906303907 -0.20585761906303907 -0.20585761906303907 6
-22.097056656574278 -0.20585761906303907 -4.705715682601806 -0.20585761906303907 -0.20585761906303907 -0.20585761906303907 6
-21.597056656574278 -5.307775673929768 -4.006745678265787 -0.20585761906303907 -0.20585761906303907 -5.307775673929768 6
-21.097056656574278 -5.307775673929768 -4.131684414874087 -0.20585761906303907 -0.20585761906303907 -0.20585761906303907 6
-20.597056656574278 -4.404685686937825 -3.965352993107562 -5.307775673929768 -0.20585761906303907 -4.5296244235461245 6
-20.097056656574278 -4.0290220729769395 -3.522445838919001 -5.006745678265787 -0.20585761906303907 -4.052503168826462 6
-19.597056656574278 -3.4626776339155114 -3.3300520686409207 -4.404685686937825 -0.20585761906303907 -3.664322997443581 6
-19.097056656574278 -3.2005657042819 -3.0267423066820407 -4.103655691273843 -4.830654419210106 -3.2663829887715434 6
-18.597056656574278 -2.911576326834032 -2.8136210799113255 -3.7637076295794927 -0.20585761906303907 -3.0133094477681754 6
-18.097056656574278 -2.705715682601806 -2.6088056695937496 -3.5015956999458813 -5.307775673929768 -2.7932279212694824 6
-17.597056656574278 -2.522445838919001 -2.4195961800114434 -3.6088056695937496 -4.60880566959375 -2.563482690807092 6
-17.097056656574278 -2.333724771136891 -2.262061614988901 -3.3939618215460516 -4.705715682601806 -2.3588739129595546 6
-16.597056656574278 -2.2101713450553575 -2.13722061540856 -3.2663829887715434 -4.307775673929768 -2.2311352302594263 6
-16.097056656574278 -2.0876675858897134 -2.0306250599659714 -3.2074051288122054 -4.103655691273843 -2.084539400826771 6
-15.597056656574278 -1.9713159400812388 -1.911925297910987 -3.0982606593871376 -3.985556379195849 -1.9631869313510544 6
-15.097056656574278 -1.8520174708256314 -1.7922992325473928 -2.9633834002446577 -3.909835665257731 -1.8462771471467496 6
-14.597056656574278 -1.7306286891022435 -1.6623534045806765 -3.1345894055174943 -3.985556379195849 -1.7322414556099042 6
-14.097056656574278 -1.61731378068359 -1.5471270543484121 -3.16164763825153 -3.7637076295794927 -1.6156340645629848 6
-13.597056656574278 -1.4971399736542312 -1.4246254742464908 -3.2433176847028498 -3.5674129844355242 -1.4986201421825878 6
-13.097056656574278 -1.3740859649718735 -1.3085146028166679 -3.3255044408902 -3.4504431774985 -1.3766739282971296 6
-12.597056656574278 -1.261358556945778 -1.1906370075258836 -3.3834963878678868 -3.36825642131115 -1.2646886017634396 6
-12.097056656574278 -1.1421159537202747 -1.07523695639917 -3.4212849487572865 -3.0722472270222196 -1.146407671694793 6
-11.597056656574278 -1.0251082536100178 -0.959100941738197 -3.4948623172869127 -2.944163694037624 -1.0310152513719908 6
-11.097056656574278 -0.9186805005755829 -0.8521695613479014 -3.468926583192513 -2.761233010451637 -0.924534961664544 6
#UV LF at redshift: 8
#rest_Frame_mag num_Density_dust num_density_nodust num_Density_dust_diskins num_Density_dust_mergers num_Density_dust_disks
-30.597056656574278 -0.20585761906303907 -0.20585761906303907 -0.20585761906303907 -0.20585761906303907 -0.20585761906303907 8
-30.097056656574278 -0.20585761906303907 -0.20585761906303907 -0.20585761906303907 -0.20585761906303907 -0.20585761906303907 8
-29.597056656574278 -0.20585761906303907 -0.20585761906303907 -0.20585761906303907 -0.20585761906303907 -0.20585761906303907 8
-29.097056656574278 -0.20585761906303907 -0.20585761906303907 -0.20585761906303907 -0.20585761906303907 -0.20585761906303907 8
-28.597056656574278 -0.20585761906303907 -0.20585761906303907 -0.20585761906303907 -0.20585761906303907 -0.20585761906303907 8
-28.097056656574278 -0.20585761906303907 -0.20585761906303907 -0.20585761906303907 -0.20585761906303907 -0.20585761906303907 8
-27.597056656574278 -0.20585761906303907 -0.20585761906303907 -0.20585761906303907 -0.20585761906303907 -0.20585761906303907 8
-27.097056656574278 -0.20585761906303907 -0.20585761906303907 -0.20585761906303907 -0.20585761906303907 -0.20585761906303907 8
-26.597056656574278 -0.20585761906303907 -0.20585761906303907 -0.20585761906303907 -0.20585761906303907 -0.20585761906303907 8
-26.097056656574278 -0.20585761906303907 -0.20585761906303907 -0.20585761906303907 -0.20585761906303907 -0.20585761906303907 8
-25.597056656574278 -0.20585761906303907 -0.20585761906303907 -0.20585761906303907 -0.20585761906303907 -0.20585761906303907 8
-25.097056656574278 -0.20585761906303907 -0.20585761906303907 -0.20585761906303907 -0.20585761906303907 -0.20585761906303907 8
-24.597056656574278 -0.20585761906303907 -0.20585761906303907 -0.20585761906303907 -0.20585761906303907 -0.20585761906303907 8
-24.097056656574278 -0.20585761906303907 -0.20585761906303907 -0.20585761906303907 -0.20585761906303907 -0.20585761906303907 8
-23.597056656574278 -0.20585761906303907 -5.307775673929768 -0.20585761906303907 -0.20585761906303907 -0.20585761906303907 8
-23.097056656574278 -0.20585761906303907 -0.20585761906303907 -0.20585761906303907 -0.20585761906303907 -0.20585761906303907 8
-22.597056656574278 -0.20585761906303907 -0.20585761906303907 -0.20585761906303907 -0.20585761906303907 -0.20585761906303907 8
-22.097056656574278 -0.20585761906303907 -5.307775673929768 -0.20585761906303907 -0.20585761906303907 -0.20585761906303907 8
-21.597056656574278 -0.20585761906303907 -4.705715682601806 -0.20585761906303907 -0.20585761906303907 -0.20585761906303907 8
-21.097056656574278 -0.20585761906303907 -4.307775673929768 -0.20585761906303907 -0.20585761906303907 -0.20585761906303907 8
-20.597056656574278 -4.705715682601806 -3.985556379195849 -0.20585761906303907 -0.20585761906303907 -4.830654419210106 8
-20.097056656574278 -4.830654419210106 -3.8453776760308123 -4.830654419210106 -0.20585761906303907 -5.307775673929768 8
-19.597056656574278 -4.131684414874087 -3.705715682601806 -4.60880566959375 -0.20585761906303907 -4.462677633915511 8
-19.097056656574278 -3.6743072183501817 -3.399290655051119 -4.228594427882143 -0.20585761906303907 -3.985556379195849 8
-18.597056656574278 -3.3165495982372732 -3.3077756739297683 -3.776296756887513 -5.307775673929768 -3.6088056695937496 8
-18.097056656574278 -3.090291729715862 -3.0177410625672505 -3.6175795939012545 -0.20585761906303907 -3.3210039396635236 8
-17.597056656574278 -2.886171747059937 -2.827768730972618 -3.6175795939012545 -4.705715682601806 -2.9814398130010167 8
-17.097056656574278 -2.7466742902807124 -2.631997332255683 -3.536923662287624 -4.705715682601806 -2.8012706415248965 8
-16.597056656574278 -2.5347209805655058 -2.4620576559631098 -3.4504431774985 -5.006745678265787 -2.552663407534697 8
-16.097056656574278 -2.3913217253798433 -2.3219003166213747 -3.3783567482154755 -4.404685686937825 -2.3672591889972012 8
-15.597056656574278 -2.2333249549751772 -2.1607180029014086 -3.399290655051119 -4.307775673929768 -2.2133045452881235 8
-15.097056656574278 -2.100949797897919 -2.0267423066820407 -3.3487342816086745 -4.462677633915511 -2.0945236217333716 8
-14.597056656574278 -1.9763483774090251 -1.9012354934958133 -3.3886975815536946 -4.131684414874087 -1.9773619005805774 8
-14.097056656574278 -1.8001896341667578 -1.7336286097790454 -3.551900818257277 -3.8453776760308123 -1.8018121559116422 8
-13.597056656574278 -1.6775512631773362 -1.5999501055975367 -3.468926583192513 -3.8306544192101057 -1.6821545925048604 8
-13.097056656574278 -1.544123103365238 -1.4724656730607055 -3.4504431774985 -3.635677815994051 -1.5505315229077983 8
-12.597056656574278 -1.4130720213205383 -1.3388259929484256 -3.4504431774985 -3.4327144105380683 -1.4211157760685653 8
-12.097056656574278 -1.2729467582739318 -1.1975227565763653 -3.5084351244761867 -3.1710551067733617 -1.2830437842745193 8
-11.597056656574278 -1.1528954292110063 -1.0826991123033762 -3.438543954198792 -2.9081019524487304 -1.1616786603938989 8
-11.097056656574278 -1.0215887569887308 -0.9515776636221389 -3.3632930017795997 -2.689727577217676 -1.0344733953621121 8
#UV LF at redshift: 10
#rest_Frame_mag num_Density_dust num_density_nodust num_Density_dust_diskins num_Density_dust_mergers num_Density_dust_disks
-30.597056656574278 -0.20585761906303907 -0.20585761906303907 -0.20585761906303907 -0.20585761906303907 -0.20585761906303907 10
-30.097056656574278 -0.20585761906303907 -0.20585761906303907 -0.20585761906303907 -0.20585761906303907 -0.20585761906303907 10
-29.597056656574278 -0.20585761906303907 -0.20585761906303907 -0.20585761906303907 -0.20585761906303907 -0.20585761906303907 10
-29.097056656574278 -0.20585761906303907 -0.20585761906303907 -0.20585761906303907 -0.20585761906303907 -0.20585761906303907 10
-28.597056656574278 -0.20585761906303907 -0.20585761906303907 -0.20585761906303907 -0.20585761906303907 -0.20585761906303907 10
-28.097056656574278 -0.20585761906303907 -0.20585761906303907 -0.20585761906303907 -0.20585761906303907 -0.20585761906303907 10
-27.597056656574278 -0.20585761906303907 -0.20585761906303907 -0.20585761906303907 -0.20585761906303907 -0.20585761906303907 10
-27.097056656574278 -0.20585761906303907 -0.20585761906303907 -0.20585761906303907 -0.20585761906303907 -0.20585761906303907 10
-26.597056656574278 -0.20585761906303907 -0.20585761906303907 -0.20585761906303907 -0.20585761906303907 -0.20585761906303907 10
-26.097056656574278 -0.20585761906303907 -0.20585761906303907 -0.20585761906303907 -0.20585761906303907 -0.20585761906303907 10
-25.597056656574278 -0.20585761906303907 -0.20585761906303907 -0.20585761906303907 -0.20585761906303907 -0.20585761906303907 10
-25.097056656574278 -0.20585761906303907 -0.20585761906303907 -0.20585761906303907 -0.20585761906303907 -0.20585761906303907 10
-24.597056656574278 -0.20585761906303907 -0.20585761906303907 -0.20585761906303907 -0.20585761906303907 -0.20585761906303907 10
-24.097056656574278 -0.20585761906303907 -0.20585761906303907 -0.20585761906303907 -0.20585761906303907 -0.20585761906303907 10
-23.597056656574278 -0.20585761906303907 -0.20585761906303907 -0.20585761906303907 -0.20585761906303907 -0.20585761906303907 10
-23.097056656574278 -0.20585761906303907 -0.20585761906303907 -0.20585761906303907 -0.20585761906303907 -0.20585761906303907 10
-22.597056656574278 -0.20585761906303907 -5.307775673929768 -0.20585761906303907 -0.20585761906303907 -0.20585761906303907 10
-22.097056656574278 -0.20585761906303907 -0.20585761906303907 -0.20585761906303907 -0.20585761906303907 -0.20585761906303907 10
-21.597056656574278 -0.20585761906303907 -0.20585761906303907 -0.20585761906303907 -0.20585761906303907 -0.20585761906303907 10
-21.097056656574278 -0.20585761906303907 -4.830654419210106 -0.20585761906303907 -0.20585761906303907 -0.20585761906303907 10
-20.597056656574278 -0.20585761906303907 -4.353533164490443 -0.20585761906303907 -0.20585761906303907 -0.20585761906303907 10
-20.097056656574278 -0.20585761906303907 -4.307775673929768 -0.20585761906303907 -0.20585761906303907 -0.20585761906303907 10
-19.597056656574278 -4.5296244235461245 -4.307775673929768 -5.006745678265787 -0.20585761906303907 -5.006745678265787 10
-19.097056656574278 -4.353533164490443 -4.131684414874087 -4.60880566959375 -0.20585761906303907 -4.705715682601806 10
-18.597056656574278 -4.006745678265787 -3.8453776760308123 -4.404685686937825 -5.307775673929768 -4.307775673929768 10
-18.097056656574278 -3.89280232595895 -3.6743072183501817 -4.60880566959375 -0.20585761906303907 -4.103655691273843 10
-17.597056656574278 -3.415681071239288 -3.3535331644904436 -3.965352993107562 -0.20585761906303907 -3.6088056695937496 10
-17.097056656574278 -3.2249903036133185 -3.1806708755649606 -3.9460478379121753 -0.20585761906303907 -3.3535331644904436 10
-16.597056656574278 -3.0622630061156184 -2.9555931558184056 -3.789261734051881 -5.307775673929768 -3.0876675858897134 10
-16.097056656574278 -2.820637298452582 -2.740749307770708 -3.8453776760308123 -4.705715682601806 -2.8292091783359252 10
-15.597056656574278 -2.6403227210398144 -2.551900818257277 -3.664322997443581 -5.006745678265787 -2.614928754652538 10
-15.097056656574278 -2.4614385617999632 -2.4068626061920995 -3.8306544192101057 -4.705715682601806 -2.464542895831759 10
-14.597056656574278 -2.3121404793322187 -2.2293188558764756 -3.7395739498627734 -4.705715682601806 -2.3095163355060695 10
-14.097056656574278 -2.1688417336728447 -2.074525664388668 -3.6845263835318676 -4.462677633915511 -2.1701051366930133 10
-13.597056656574278 -2.0028545120288768 -1.9203858475910387 -3.7279920773129582 -4.077326752551494 -2.0082683752292807 10
-13.097056656574278 -1.8247592537856363 -1.7454828094732937 -3.802625695609862 -3.8306544192101057 -1.8337051707147247 10
-12.597056656574278 -1.6697858931450829 -1.5954627652484028 -3.965352993107562 -3.6845263835318676 -1.681435306554726 10
-12.097056656574278 -1.5270983994964005 -1.4464802804030725 -3.776296756887513 -3.3300520686409207 -1.538989627021754 10
-11.597056656574278 -1.3769284822472714 -1.3013524214221253 -3.635677815994051 -3.0722472270222196 -1.390480272984079 10
-11.097056656574278 -1.2262483476849635 -1.1483889729680135 -3.544347680366831 -2.7737495678736335 -1.2397011840221204 10
#UV LF at redshift: 12.62
#rest_Frame_mag num_Density_dust num_density_nodust num_Density_dust_diskins num_Density_dust_mergers num_Density_dust_disks
-30.597056656574278 -0.20585761906303907 -0.20585761906303907 -0.20585761906303907 -0.20585761906303907 -0.20585761906303907 12.62
-30.097056656574278 -0.20585761906303907 -0.20585761906303907 -0.20585761906303907 -0.20585761906303907 -0.20585761906303907 12.62
-29.597056656574278 -0.20585761906303907 -0.20585761906303907 -0.20585761906303907 -0.20585761906303907 -0.20585761906303907 12.62
-29.097056656574278 -0.20585761906303907 -0.20585761906303907 -0.20585761906303907 -0.20585761906303907 -0.20585761906303907 12.62
-28.597056656574278 -0.20585761906303907 -0.20585761906303907 -0.20585761906303907 -0.20585761906303907 -0.20585761906303907 12.62
-28.097056656574278 -0.20585761906303907 -0.20585761906303907 -0.20585761906303907 -0.20585761906303907 -0.20585761906303907 12.62
-27.597056656574278 -0.20585761906303907 -0.20585761906303907 -0.20585761906303907 -0.20585761906303907 -0.20585761906303907 12.62
-27.097056656574278 -0.20585761906303907 -0.20585761906303907 -0.20585761906303907 -0.20585761906303907 -0.20585761906303907 12.62
-26.597056656574278 -0.20585761906303907 -0.20585761906303907 -0.20585761906303907 -0.20585761906303907 -0.20585761906303907 12.62
-26.097056656574278 -0.20585761906303907 -0.20585761906303907 -0.20585761906303907 -0.20585761906303907 -0.20585761906303907 12.62
-25.597056656574278 -0.20585761906303907 -0.20585761906303907 -0.20585761906303907 -0.20585761906303907 -0.20585761906303907 12.62
-25.097056656574278 -0.20585761906303907 -0.20585761906303907 -0.20585761906303907 -0.20585761906303907 -0.20585761906303907 12.62
-24.597056656574278 -0.20585761906303907 -0.20585761906303907 -0.20585761906303907 -0.20585761906303907 -0.20585761906303907 12.62
-24.097056656574278 -0.20585761906303907 -0.20585761906303907 -0.20585761906303907 -0.20585761906303907 -0.20585761906303907 12.62
-23.597056656574278 -0.20585761906303907 -0.20585761906303907 -0.20585761906303907 -0.20585761906303907 -0.20585761906303907 12.62
-23.097056656574278 -0.20585761906303907 -0.20585761906303907 -0.20585761906303907 -0.20585761906303907 -0.20585761906303907 12.62
-22.597056656574278 -0.20585761906303907 -0.20585761906303907 -0.20585761906303907 -0.20585761906303907 -0.20585761906303907 12.62
-22.097056656574278 -0.20585761906303907 -0.20585761906303907 -0.20585761906303907 -0.20585761906303907 -0.20585761906303907 12.62
-21.597056656574278 -0.20585761906303907 -0.20585761906303907 -0.20585761906303907 -0.20585761906303907 -0.20585761906303907 12.62
-21.097056656574278 -0.20585761906303907 -4.972336858027768 -0.20585761906303907 -0.20585761906303907 -0.20585761906303907 12.62
-20.597056656574278 -0.20585761906303907 -5.2733668536917495 -0.20585761906303907 -0.20585761906303907 -0.20585761906303907 12.62
-20.097056656574278 -0.20585761906303907 -0.20585761906303907 -0.20585761906303907 -0.20585761906303907 -0.20585761906303907 12.62
-19.597056656574278 -5.2733668536917495 -0.20585761906303907 -5.2733668536917495 -0.20585761906303907 -0.20585761906303907 12.62
-19.097056656574278 -5.2733668536917495 -5.2733668536917495 -0.20585761906303907 -0.20585761906303907 -0.20585761906303907 12.62
-18.597056656574278 -4.972336858027768 -4.796245598972087 -4.972336858027768 -0.20585761906303907 -0.20585761906303907 12.62
-18.097056656574278 -4.574396849355731 -4.319124344252424 -4.796245598972087 -0.20585761906303907 -5.2733668536917495 12.62
-17.597056656574278 -4.194185607644124 -4.159423501384913 -4.495215603308106 -0.20585761906303907 -4.370276866699806 12.62
-17.097056656574278 -4.231974168533524 -4.2733668536917495 -5.2733668536917495 -0.20585761906303907 -4.428268813677493 12.62
-16.597056656574278 -4.018094348588443 -3.95114755895783 -4.370276866699806 -0.20585761906303907 -4.159423501384913 12.62
-16.097056656574278 -3.660582996972014 -3.601268995756032 -4.428268813677493 -0.20585761906303907 -3.729298809341474 12.62
-15.597056656574278 -3.55736351005695 -3.4282688136774926 -4.370276866699806 -0.20585761906303907 -3.5831707736632357 12.62
-15.097056656574278 -3.224148831021568 -3.1594235013849126 -4.194185607644124 -5.2733668536917495 -3.208908864464831 12.62
-14.597056656574278 -3.0229468513828555 -2.93690711984322 -4.319124344252424 -4.972336858027768 -3.0015252471552505 12.62
-14.097056656574278 -2.7919242251894447 -2.6845351280975422 -4.574396849355731 -0.20585761906303907 -2.8020751426328108 12.62
-13.597056656574278 -2.6049809370017494 -2.5076982989327354 -4.370276866699806 -4.796245598972087 -2.6031210006176253 12.62
-13.097056656574278 -2.384625893008857 -2.2974757172899567 -4.495215603308106 -4.319124344252424 -2.401793918145871 12.62
-12.597056656574278 -2.2092834177281535 -2.119856864390912 -4.194185607644124 -4.159423501384913 -2.221057754044426 12.62
-12.097056656574278 -2.065194327024628 -1.9767016634302186 -4.428268813677493 -4.018094348588443 -2.075259854818348 12.62
-11.597056656574278 -1.8476696403291584 -1.7576254370223845 -4.159423501384913 -3.460453497048894 -1.8583935057209318 12.62
-11.097056656574278 -1.6762203658580543 -1.585927079145855 -4.2733668536917495 -3.295643248402902 -1.6884705095542998 12.62
#UV LF at redshift: 13
#rest_Frame_mag num_Density_dust num_density_nodust num_Density_dust_diskins num_Density_dust_mergers num_Density_dust_disks
-30.597056656574278 -0.20585761906303907 -0.20585761906303907 -0.20585761906303907 -0.20585761906303907 -0.20585761906303907 13
-30.097056656574278 -0.20585761906303907 -0.20585761906303907 -0.20585761906303907 -0.20585761906303907 -0.20585761906303907 13
-29.597056656574278 -0.20585761906303907 -0.20585761906303907 -0.20585761906303907 -0.20585761906303907 -0.20585761906303907 13
-29.097056656574278 -0.20585761906303907 -0.20585761906303907 -0.20585761906303907 -0.20585761906303907 -0.20585761906303907 13
-28.597056656574278 -0.20585761906303907 -0.20585761906303907 -0.20585761906303907 -0.20585761906303907 -0.20585761906303907 13
-28.097056656574278 -0.20585761906303907 -0.20585761906303907 -0.20585761906303907 -0.20585761906303907 -0.20585761906303907 13
-27.597056656574278 -0.20585761906303907 -0.20585761906303907 -0.20585761906303907 -0.20585761906303907 -0.20585761906303907 13
-27.097056656574278 -0.20585761906303907 -0.20585761906303907 -0.20585761906303907 -0.20585761906303907 -0.20585761906303907 13
-26.597056656574278 -0.20585761906303907 -0.20585761906303907 -0.20585761906303907 -0.20585761906303907 -0.20585761906303907 13
-26.097056656574278 -0.20585761906303907 -0.20585761906303907 -0.20585761906303907 -0.20585761906303907 -0.20585761906303907 13
-25.597056656574278 -0.20585761906303907 -0.20585761906303907 -0.20585761906303907 -0.20585761906303907 -0.20585761906303907 13
-25.097056656574278 -0.20585761906303907 -0.20585761906303907 -0.20585761906303907 -0.20585761906303907 -0.20585761906303907 13
-24.597056656574278 -0.20585761906303907 -0.20585761906303907 -0.20585761906303907 -0.20585761906303907 -0.20585761906303907 13
-24.097056656574278 -0.20585761906303907 -0.20585761906303907 -0.20585761906303907 -0.20585761906303907 -0.20585761906303907 13
-23.597056656574278 -0.20585761906303907 -0.20585761906303907 -0.20585761906303907 -0.20585761906303907 -0.20585761906303907 13
-23.097056656574278 -0.20585761906303907 -0.20585761906303907 -0.20585761906303907 -0.20585761906303907 -0.20585761906303907 13
-22.597056656574278 -0.20585761906303907 -0.20585761906303907 -0.20585761906303907 -0.20585761906303907 -0.20585761906303907 13
-22.097056656574278 -0.20585761906303907 -0.20585761906303907 -0.20585761906303907 -0.20585761906303907 -0.20585761906303907 13
-21.597056656574278 -0.20585761906303907 -0.20585761906303907 -0.20585761906303907 -0.20585761906303907 -0.20585761906303907 13
-21.097056656574278 -0.20585761906303907 -0.20585761906303907 -0.20585761906303907 -0.20585761906303907 -0.20585761906303907 13
-20.597056656574278 -0.20585761906303907 -5.307775673929768 -0.20585761906303907 -0.20585761906303907 -0.20585761906303907 13
-20.097056656574278 -0.20585761906303907 -0.20585761906303907 -0.20585761906303907 -0.20585761906303907 -0.20585761906303907 13
-19.597056656574278 -0.20585761906303907 -0.20585761906303907 -0.20585761906303907 -0.20585761906303907 -0.20585761906303907 13
-19.097056656574278 -5.307775673929768 -4.830654419210106 -0.20585761906303907 -0.20585761906303907 -0.20585761906303907 13
-18.597056656574278 -4.60880566959375 -4.705715682601806 -4.830654419210106 -0.20585761906303907 -4.830654419210106 13
-18.097056656574278 -5.006745678265787 -5.006745678265787 -5.307775673929768 -0.20585761906303907 -0.20585761906303907 13
-17.597056656574278 -4.830654419210106 -4.830654419210106 -0.20585761906303907 -0.20585761906303907 -4.830654419210106 13
-17.097056656574278 -4.193832321622931 -4.006745678265787 -5.006745678265787 -0.20585761906303907 -4.307775673929768 13
-16.597056656574278 -4.16164763825153 -4.077326752551494 -4.830654419210106 -0.20585761906303907 -4.193832321622931 13
-16.097056656574278 -3.776296756887513 -3.7279920773129582 -4.60880566959375 -0.20585761906303907 -3.876411909770781 13
-15.597056656574278 -3.705715682601806 -3.626534436554181 -4.705715682601806 -0.20585761906303907 -3.776296756887513 13
-15.097056656574278 -3.3834963878678868 -3.2624526951431108 -4.404685686937825 -5.307775673929768 -3.373277222686201 13
-14.597056656574278 -3.1230842431121695 -3.0336178246660883 -4.404685686937825 -0.20585761906303907 -3.1036556912738433 13
-14.097056656574278 -2.916840566826389 -2.8234758345829825 -4.131684414874087 -5.307775673929768 -2.9221694003314562 13
-13.597056656574278 -2.671287777576403 -2.581048464903196 -4.60880566959375 -4.462677633915511 -2.684526383531868 13
-13.097056656574278 -2.5267387353086366 -2.4212849487572865 -4.404685686937825 -4.5296244235461245 -2.536923662287624 13
-12.597056656574278 -2.3043151418202616 -2.220704468023233 -4.193832321622931 -4.131684414874087 -2.3165495982372732 13
-12.097056656574278 -2.1236523196900974 -2.028336885642748 -4.353533164490443 -3.8453776760308123 -2.136927470286459 13
-11.597056656574278 -1.9332106132070033 -1.847780417882377 -4.193832321622931 -3.6088056695937496 -1.943975728450659 13
-11.097056656574278 -1.7554725645914142 -1.669286416975131 -4.0290220729769395 -3.415681071239288 -1.7650747044816573 13
#UV LF at redshift: 15
#rest_Frame_mag num_Density_dust num_density_nodust num_Density_dust_diskins num_Density_dust_mergers num_Density_dust_disks
-30.597056656574278 -0.20585761906303907 -0.20585761906303907 -0.20585761906303907 -0.20585761906303907 -0.20585761906303907 15
-30.097056656574278 -0.20585761906303907 -0.20585761906303907 -0.20585761906303907 -0.20585761906303907 -0.20585761906303907 15
-29.597056656574278 -0.20585761906303907 -0.20585761906303907 -0.20585761906303907 -0.20585761906303907 -0.20585761906303907 15
-29.097056656574278 -0.20585761906303907 -0.20585761906303907 -0.20585761906303907 -0.20585761906303907 -0.20585761906303907 15
-28.597056656574278 -0.20585761906303907 -0.20585761906303907 -0.20585761906303907 -0.20585761906303907 -0.20585761906303907 15
-28.097056656574278 -0.20585761906303907 -0.20585761906303907 -0.20585761906303907 -0.20585761906303907 -0.20585761906303907 15
-27.597056656574278 -0.20585761906303907 -0.20585761906303907 -0.20585761906303907 -0.20585761906303907 -0.20585761906303907 15
-27.097056656574278 -0.20585761906303907 -0.20585761906303907 -0.20585761906303907 -0.20585761906303907 -0.20585761906303907 15
-26.597056656574278 -0.20585761906303907 -0.20585761906303907 -0.20585761906303907 -0.20585761906303907 -0.20585761906303907 15
-26.097056656574278 -0.20585761906303907 -0.20585761906303907 -0.20585761906303907 -0.20585761906303907 -0.20585761906303907 15
-25.597056656574278 -0.20585761906303907 -0.20585761906303907 -0.20585761906303907 -0.20585761906303907 -0.20585761906303907 15
-25.097056656574278 -0.20585761906303907 -0.20585761906303907 -0.20585761906303907 -0.20585761906303907 -0.20585761906303907 15
-24.597056656574278 -0.20585761906303907 -0.20585761906303907 -0.20585761906303907 -0.20585761906303907 -0.20585761906303907 15
-24.097056656574278 -0.20585761906303907 -0.20585761906303907 -0.20585761906303907 -0.20585761906303907 -0.20585761906303907 15
-23.597056656574278 -0.20585761906303907 -0.20585761906303907 -0.20585761906303907 -0.20585761906303907 -0.20585761906303907 15
-23.097056656574278 -0.20585761906303907 -0.20585761906303907 -0.20585761906303907 -0.20585761906303907 -0.20585761906303907 15
-22.597056656574278 -0.20585761906303907 -0.20585761906303907 -0.20585761906303907 -0.20585761906303907 -0.20585761906303907 15
-22.097056656574278 -0.20585761906303907 -0.20585761906303907 -0.20585761906303907 -0.20585761906303907 -0.20585761906303907 15
-21.597056656574278 -0.20585761906303907 -0.20585761906303907 -0.20585761906303907 -0.20585761906303907 -0.20585761906303907 15
-21.097056656574278 -0.20585761906303907 -0.20585761906303907 -0.20585761906303907 -0.20585761906303907 -0.20585761906303907 15
-20.597056656574278 -0.20585761906303907 -0.20585761906303907 -0.20585761906303907 -0.20585761906303907 -0.20585761906303907 15
-20.097056656574278 -0.20585761906303907 -0.20585761906303907 -0.20585761906303907 -0.20585761906303907 -0.20585761906303907 15
-19.597056656574278 -0.20585761906303907 -0.20585761906303907 -0.20585761906303907 -0.20585761906303907 -0.20585761906303907 15
-19.097056656574278 -0.20585761906303907 -0.20585761906303907 -0.20585761906303907 -0.20585761906303907 -0.20585761906303907 15
-18.597056656574278 -5.306075889051874 -5.0050458933878925 -0.20585761906303907 -0.20585761906303907 -0.20585761906303907 15
-18.097056656574278 -0.20585761906303907 -0.20585761906303907 -5.306075889051874 -0.20585761906303907 -0.20585761906303907 15
-17.597056656574278 -0.20585761906303907 -5.306075889051874 -0.20585761906303907 -0.20585761906303907 -0.20585761906303907 15
-17.097056656574278 -4.704015897723911 -4.607105884715855 -0.20585761906303907 -0.20585761906303907 -5.0050458933878925 15
-16.597056656574278 -4.52792463866823 -4.460977849037617 -5.0050458933878925 -0.20585761906303907 -4.704015897723911 15
-16.097056656574278 -4.40298590205993 -4.40298590205993 -5.0050458933878925 -0.20585761906303907 -4.52792463866823 15
-15.597056656574278 -4.192132536745037 -4.101955906395949 -5.0050458933878925 -0.20585761906303907 -4.129984629996192 15
-15.097056656574278 -3.9838565943179542 -3.9443480530342807 -0.20585761906303907 -0.20585761906303907 -3.9838565943179542 15
-14.597056656574278 -3.8911025410810556 -3.8009259107319675 -5.0050458933878925 -0.20585761906303907 -3.9443480530342807 15
-14.097056656574278 -3.5900725454170743 -3.493162532409018 -4.704015897723911 -0.20585761906303907 -3.5502010333793823 15
-13.597056656574278 -3.241617899824955 -3.112951290697412 -4.828954634332211 -0.20585761906303907 -3.260752910265216 15
-13.097056656574278 -3.009410698790343 -2.9500500318587513 -5.0050458933878925 -0.20585761906303907 -3.0205185800441 15
-12.597056656574278 -2.811921295033431 -2.7251509133762544 -5.306075889051874 -4.828954634332211 -2.8175251725514294 15
-12.097056656574278 -2.5834419665180617 -2.5019364567165234 -4.607105884715855 -4.306075889051874 -2.5917461293066406 15
-11.597056656574278 -2.343706553381853 -2.2568578663816923 -4.704015897723911 -4.050803383948567 -2.3527995523845693 15
-11.097056656574278 -2.1894681450636253 -2.086491362837619 -4.52792463866823 -3.9636532082296676 -2.196497342147487 15
#UV LF at redshift: 17.0
#rest_Frame_mag num_Density_dust num_density_nodust num_Density_dust_diskins num_Density_dust_mergers num_Density_dust_disks
-30.597056656574278 -0.20585761906303907 -0.20585761906303907 -0.20585761906303907 -0.20585761906303907 -0.20585761906303907 17.0
-30.097056656574278 -0.20585761906303907 -0.20585761906303907 -0.20585761906303907 -0.20585761906303907 -0.20585761906303907 17.0
-29.597056656574278 -0.20585761906303907 -0.20585761906303907 -0.20585761906303907 -0.20585761906303907 -0.20585761906303907 17.0
-29.097056656574278 -0.20585761906303907 -0.20585761906303907 -0.20585761906303907 -0.20585761906303907 -0.20585761906303907 17.0
-28.597056656574278 -0.20585761906303907 -0.20585761906303907 -0.20585761906303907 -0.20585761906303907 -0.20585761906303907 17.0
-28.097056656574278 -0.20585761906303907 -0.20585761906303907 -0.20585761906303907 -0.20585761906303907 -0.20585761906303907 17.0
-27.597056656574278 -0.20585761906303907 -0.20585761906303907 -0.20585761906303907 -0.20585761906303907 -0.20585761906303907 17.0
-27.097056656574278 -0.20585761906303907 -0.20585761906303907 -0.20585761906303907 -0.20585761906303907 -0.20585761906303907 17.0
-26.597056656574278 -0.20585761906303907 -0.20585761906303907 -0.20585761906303907 -0.20585761906303907 -0.20585761906303907 17.0
-26.097056656574278 -0.20585761906303907 -0.20585761906303907 -0.20585761906303907 -0.20585761906303907 -0.20585761906303907 17.0
-25.597056656574278 -0.20585761906303907 -0.20585761906303907 -0.20585761906303907 -0.20585761906303907 -0.20585761906303907 17.0
-25.097056656574278 -0.20585761906303907 -0.20585761906303907 -0.20585761906303907 -0.20585761906303907 -0.20585761906303907 17.0
-24.597056656574278 -0.20585761906303907 -0.20585761906303907 -0.20585761906303907 -0.20585761906303907 -0.20585761906303907 17.0
-24.097056656574278 -0.20585761906303907 -0.20585761906303907 -0.20585761906303907 -0.20585761906303907 -0.20585761906303907 17.0
-23.597056656574278 -0.20585761906303907 -0.20585761906303907 -0.20585761906303907 -0.20585761906303907 -0.20585761906303907 17.0
-23.097056656574278 -0.20585761906303907 -0.20585761906303907 -0.20585761906303907 -0.20585761906303907 -0.20585761906303907 17.0
-22.597056656574278 -0.20585761906303907 -0.20585761906303907 -0.20585761906303907 -0.20585761906303907 -0.20585761906303907 17.0
-22.097056656574278 -0.20585761906303907 -0.20585761906303907 -0.20585761906303907 -0.20585761906303907 -0.20585761906303907 17.0
-21.597056656574278 -0.20585761906303907 -0.20585761906303907 -0.20585761906303907 -0.20585761906303907 -0.20585761906303907 17.0
-21.097056656574278 -0.20585761906303907 -0.20585761906303907 -0.20585761906303907 -0.20585761906303907 -0.20585761906303907 17.0
-20.597056656574278 -0.20585761906303907 -0.20585761906303907 -0.20585761906303907 -0.20585761906303907 -0.20585761906303907 17.0
-20.097056656574278 -0.20585761906303907 -0.20585761906303907 -0.20585761906303907 -0.20585761906303907 -0.20585761906303907 17.0
-19.597056656574278 -0.20585761906303907 -0.20585761906303907 -0.20585761906303907 -0.20585761906303907 -0.20585761906303907 17.0
-19.097056656574278 -0.20585761906303907 -0.20585761906303907 -0.20585761906303907 -0.20585761906303907 -0.20585761906303907 17.0
-18.597056656574278 -0.20585761906303907 -0.20585761906303907 -0.20585761906303907 -0.20585761906303907 -0.20585761906303907 17.0
-18.097056656574278 -0.20585761906303907 -0.20585761906303907 -0.20585761906303907 -0.20585761906303907 -0.20585761906303907 17.0
-17.597056656574278 -0.20585761906303907 -0.20585761906303907 -0.20585761906303907 -0.20585761906303907 -0.20585761906303907 17.0
-17.097056656574278 -5.306926613088651 -5.306926613088651 -5.306926613088651 -0.20585761906303907 -0.20585761906303907 17.0
-16.597056656574278 -5.306926613088651 -5.0058966174246695 -5.306926613088651 -0.20585761906303907 -0.20585761906303907 17.0
-16.097056656574278 -0.20585761906303907 -0.20585761906303907 -0.20585761906303907 -0.20585761906303907 -0.20585761906303907 17.0
-15.597056656574278 -4.829805358368988 -4.829805358368988 -0.20585761906303907 -0.20585761906303907 -5.0058966174246695 17.0
-15.097056656574278 -4.461828573074394 -4.306926613088651 -5.306926613088651 -0.20585761906303907 -4.403836626096707 17.0
-14.597056656574278 -4.102806630432726 -4.102806630432726 -0.20585761906303907 -0.20585761906303907 -4.160798577410413 17.0
-14.097056656574278 -4.028173012135822 -3.9645039322664446 -4.829805358368988 -0.20585761906303907 -3.9847073183547312 17.0
-13.597056656574278 -3.829805358368988 -3.6941427563689153 -0.20585761906303907 -0.20585761906303907 -3.815564919254378 17.0
-13.097056656574278 -3.6348287551529332 -3.487382677546782 -0.20585761906303907 -0.20585761906303907 -3.653714099313307 17.0
-12.597056656574278 -3.253848169605231 -3.1425737573042136 -0.20585761906303907 -5.306926613088651 -3.253848169605231 17.0
-12.097056656574278 -3.0868185250485958 -2.986780326977597 -0.20585761906303907 -0.20585761906303907 -3.0894426688747445 17.0
-11.597056656574278 -2.8086160592990503 -2.7271430164718407 -5.306926613088651 -4.704866621760688 -2.8141662240618133 17.0
-11.097056656574278 -2.6053586280327234 -2.533871919724388 -0.20585761906303907 -4.829805358368988 -2.6105702243553184 17.0
