#UV LF at redshift: 6
#rest_Frame_mag num_Density_dust num_density_nodust num_Density_dust_diskins num_Density_dust_mergers num_Density_dust_disks
-30.597056656574278 -10.0 -10.0 -10.0 -10.0 -10.0 6
-30.097056656574278 -10.0 -10.0 -10.0 -10.0 -10.0 6
-29.597056656574278 -10.0 -10.0 -10.0 -10.0 -10.0 6
-29.097056656574278 -10.0 -10.0 -10.0 -10.0 -10.0 6
-28.597056656574278 -10.0 -10.0 -10.0 -10.0 -10.0 6
-28.097056656574278 -10.0 -10.0 -10.0 -10.0 -10.0 6
-27.597056656574278 -10.0 -10.0 -10.0 -10.0 -10.0 6
-27.097056656574278 -10.0 -10.0 -10.0 -10.0 -10.0 6
-26.597056656574278 -10.0 -10.0 -10.0 -10.0 -10.0 6
-26.097056656574278 -10.0 -10.0 -10.0 -10.0 -10.0 6
-25.597056656574278 -10.0 -7.306425098244785 -10.0 -10.0 -10.0 6
-25.097056656574278 -10.0 -6.704365106916822 -10.0 -10.0 -10.0 6
-24.597056656574278 -10.0 -5.926213856533179 -10.0 -10.0 -10.0 6
-24.097056656574278 -10.0 -5.5070845487912035 -10.0 -10.0 -10.0 6
-23.597056656574278 -10.0 -5.21300341308255 -10.0 -10.0 -10.0 6
-23.097056656574278 -6.829303843525122 -4.820703671763205 -7.306425098244785 -7.0053951025808034 -10.0 6
-22.597056656574278 -6.22724385219716 -4.430207257653143 -6.607455093908766 -6.528273847861141 -10.0 6
-22.097056656574278 -5.984205803510865 -4.1516968908046294 -6.306425098244785 -6.403335111252841 -7.0053951025808034 6
-21.597056656574278 -5.403335111252841 -3.892287736060308 -5.715360491218286 -5.984205803510865 -6.306425098244785 6
-21.097056656574278 -5.032267248981105 -3.6628737296818397 -5.408798006954344 -5.787911158366898 -5.787911158366898 6
-20.597056656574278 -4.514033408746531 -3.3990137374701987 -4.9620328245596745 -5.387347005868711 -5.034583491708286 6
-20.097056656574278 -4.024256319940143 -3.162380461133835 -4.561350306662727 -5.096910083702154 -4.450905942576984 6
-19.597056656574278 -3.5676445397604155 -2.9026013493424774 -4.223639727928335 -4.670941351429873 -3.8891195150002593 6
-19.097056656574278 -3.123924850865585 -2.6342348470565318 -3.9010787380690757 -4.376495538160197 -3.3661078766705668 6
-18.597056656574278 -2.7409787153822682 -2.43583393653 -3.5324193679865754 -4.116934784545418 -2.943546962455855 6
-18.097056656574278 -2.4540549120374617 -2.2893416509350377 -3.1642860181126498 -3.8598879311711407 -2.645967555496437 6
-17.597056656574278 -2.2405728680270514 -2.1063766519166007 -2.987173257104531 -3.653309105079218 -2.39214542364285 6
-17.097056656574278 -2.045188406894912 -1.9309187730808262 -2.843024887619131 -3.424926318629802 -2.1651007709693673 6
-16.597056656574278 -1.8809251140213172 -1.8001095190802783 -2.6922030389459994 -3.2367200101929336 -1.9644764518322795 6
-16.097056656574278 -1.748751909673885 -1.6875447911865242 -2.567351410680991 -3.0572267408536717 -1.785695338597641 6
-15.597056656574278 -1.6232915701327268 -1.5657245801099986 -2.4634042228013344 -2.9040777253964167 -1.6255930141795885 6
-15.097056656574278 -1.4972116105177902 -1.43424259373612 -2.38154132289763 -2.78916320310877 -1.4918652158724166 6
-14.597056656574278 -1.3622964216266196 -1.2914545377125988 -2.321178307441923 -2.686830947479624 -1.357112197914164 6
-14.097056656574278 -1.2215926085403828 -1.1460529209571586 -2.2796916876592928 -2.6049866437804337 -1.2170439276972163 6
-13.597056656574278 -1.2242585896376763 -1.1960741471979235 -2.2450329420248183 -2.5085830342156292 -1.2137170826630062 6
-13.097056656574278 -1.5835929918268876 -1.8056810536461159 -2.2012522613539502 -2.397345342488009 -1.5613878013300226 6
-12.597056656574278 -1.899374283440534 -2.6145394468570835 -2.1530523725695083 -2.302594195086149 -1.866169522870278 6
-12.097056656574278 -2.1045284129864363 -3.3057741446151896 -2.1236425071803033 -2.27237849659436 -2.0638563410619977 6
-11.597056656574278 -2.25745919464591 -3.6124344877840078 -2.1511801810685984 -2.316650571082609 -2.2066788691221344 6
-11.097056656574278 -2.391035817097131 -3.7235666360202853 -2.168150827556774 -2.4412204121414733 -2.3340000764629023 6
#UV LF at redshift: 8
#rest_Frame_mag num_Density_dust num_density_nodust num_Density_dust_diskins num_Density_dust_mergers num_Density_dust_disks
-30.597056656574278 -10.0 -10.0 -10.0 -10.0 -10.0 8
-30.097056656574278 -10.0 -10.0 -10.0 -10.0 -10.0 8
-29.597056656574278 -10.0 -10.0 -10.0 -10.0 -10.0 8
-29.097056656574278 -10.0 -10.0 -10.0 -10.0 -10.0 8
-28.597056656574278 -10.0 -10.0 -10.0 -10.0 -10.0 8
-28.097056656574278 -10.0 -10.0 -10.0 -10.0 -10.0 8
-27.597056656574278 -10.0 -10.0 -10.0 -10.0 -10.0 8
-27.097056656574278 -10.0 -10.0 -10.0 -10.0 -10.0 8
-26.597056656574278 -10.0 -10.0 -10.0 -10.0 -10.0 8
-26.097056656574278 -10.0 -10.0 -10.0 -10.0 -10.0 8
-25.597056656574278 -10.0 -10.0 -10.0 -10.0 -10.0 8
-25.097056656574278 -10.0 -10.0 -10.0 -10.0 -10.0 8
-24.597056656574278 -10.0 -10.0 -10.0 -10.0 -10.0 8
-24.097056656574278 -10.0 -6.528273847861141 -10.0 -10.0 -10.0 8
-23.597056656574278 -10.0 -6.192481745937948 -10.0 -10.0 -10.0 8
-23.097056656574278 -10.0 -5.6729566426651985 -10.0 -10.0 -10.0 8
-22.597056656574278 -10.0 -5.169704531088378 -10.0 -10.0 -10.0 8
-22.097056656574278 -10.0 -4.750122597477498 -10.0 -10.0 -10.0 8
-21.597056656574278 -6.306425098244785 -4.35411708858266 -6.704365106916822 -7.306425098244785 -7.0053951025808034 8
-21.097056656574278 -5.704365106916822 -4.027442981379341 -5.926213856533179 -6.461327058230528 -6.704365106916822 8
-20.597056656574278 -5.148062606149535 -3.732393830517066 -5.46757600750753 -6.130333839189103 -5.908485089572747 8
-20.097056656574278 -4.53778699699717 -3.427329218744712 -4.903304577068967 -5.528273847861141 -5.130333839189103 8
-19.597056656574278 -3.963410601094017 -3.1544427027873105 -4.493511741601929 -5.21300341308255 -4.367905373068293 8
-19.097056656574278 -3.5152960975174987 -2.959993879584962 -4.1602970625665465 -4.87991383688021 -3.8598879311711407 8
-18.597056656574278 -3.1432637232677667 -2.7726403339464047 -3.8357206685219967 -4.473916185538549 -3.4448309536009196 8
-18.097056656574278 -2.7954513668958514 -2.571273496662114 -3.4195960935678027 -4.1643486371715 -3.097661365583148 8
-17.597056656574278 -2.5125648969021155 -2.3772923902477032 -3.1129109232161154 -3.8420846136171174 -2.792275963769347 8
-17.097056656574278 -2.2908474118768067 -2.196087958166032 -2.8688647790495034 -3.571145650184328 -2.5234081555827474 8
-16.597056656574278 -2.120350671118886 -2.035732290384387 -2.745705679863889 -3.3610057556417217 -2.273834539250103 8
-16.097056656574278 -1.960199300707547 -1.878251413914171 -2.627451722325019 -3.2126533167460547 -2.041843369006707 8
-15.597056656574278 -1.7973557082483431 -1.716127307797974 -2.5167950372385466 -3.111577878613341 -1.826638234404209 8
-15.097056656574278 -1.6472860013106372 -1.568541792735422 -2.4197144614245234 -3.0116944077604533 -1.658744875100453 8
-14.597056656574278 -1.5874304370311192 -1.5460478561864663 -2.3306028300644916 -2.9168515001084847 -1.5710897291825985 8
-14.097056656574278 -1.8298035695768968 -2.009983693090197 -2.245383734677194 -2.8196405268457427 -1.7483324146772583 8
-13.597056656574278 -2.2101478787879563 -2.9426627393754092 -2.1905185020139815 -2.7512459765459356 -2.1009527673969455 8
-13.097056656574278 -2.466557554701244 -3.8059141877184475 -2.348234036933965 -2.7385991427341363 -2.336576039443859 8
-12.597056656574278 -2.6496850367773765 -4.190149510664241 -2.380582068575401 -2.769513303951162 -2.5046304933358767 8
-12.097056656574278 -2.817212164779871 -4.387870567694511 -2.4007263380606245 -2.813301785128769 -2.654633602038075 8
-11.597056656574278 -2.970506067254072 -4.566852753794693 -2.4828661051508023 -2.835985204440103 -2.798191743272774 8
-11.097056656574278 -3.1198925336523873 -4.709828002618325 -2.546259044893186 -2.8397798698808057 -2.9278273587914816 8
#UV LF at redshift: 10.0
#rest_Frame_mag num_Density_dust num_density_nodust num_Density_dust_diskins num_Density_dust_mergers num_Density_dust_disks
-30.597056656574278 -10.0 -10.0 -10.0 -10.0 -10.0 10.0
-30.097056656574278 -10.0 -10.0 -10.0 -10.0 -10.0 10.0
-29.597056656574278 -10.0 -10.0 -10.0 -10.0 -10.0 10.0
-29.097056656574278 -10.0 -10.0 -10.0 -10.0 -10.0 10.0
-28.597056656574278 -10.0 -10.0 -10.0 -10.0 -10.0 10.0
-28.097056656574278 -10.0 -10.0 -10.0 -10.0 -10.0 10.0
-27.597056656574278 -10.0 -10.0 -10.0 -10.0 -10.0 10.0
-27.097056656574278 -10.0 -10.0 -10.0 -10.0 -10.0 10.0
-26.597056656574278 -10.0 -10.0 -10.0 -10.0 -10.0 10.0
-26.097056656574278 -10.0 -10.0 -10.0 -10.0 -10.0 10.0
-25.597056656574278 -10.0 -10.0 -10.0 -10.0 -10.0 10.0
-25.097056656574278 -10.0 -10.0 -10.0 -10.0 -10.0 10.0
-24.597056656574278 -10.0 -10.0 -10.0 -10.0 -10.0 10.0
-24.097056656574278 -10.0 -10.0 -10.0 -10.0 -10.0 10.0
-23.597056656574278 -10.0 -7.301030066358079 -10.0 -10.0 -10.0 10.0
-23.097056656574278 -10.0 -6.60206006202206 -10.0 -10.0 -10.0 10.0
-22.597056656574278 -10.0 -5.838632068459123 -10.0 -10.0 -10.0 10.0
-22.097056656574278 -10.0 -5.397940079366135 -10.0 -10.0 -10.0 10.0
-21.597056656574278 -7.301030066358079 -4.9355420814671795 -7.301030066358079 -10.0 -10.0 10.0
-21.097056656574278 -6.522878815974435 -4.600326349213059 -6.698970075030116 -10.0 -10.0 10.0
-20.597056656574278 -5.939302230340486 -4.299729133337661 -6.221848820310454 -6.823908811638416 -7.301030066358079 10.0
-20.097056656574278 -5.244125215021606 -4.034563170917838 -5.57675419675729 -6.522878815974435 -5.869666302199091 10.0
-19.597056656574278 -4.65659147689024 -3.7603252830473166 -5.139662064123105 -5.667561610778492 -5.263603568417455 10.0
-19.097056656574278 -4.222935915951668 -3.529001901033224 -4.723538266520854 -5.323306461069231 -4.681936735731336 10.0
-18.597056656574278 -3.818013646213947 -3.3014211073866617 -4.367542778509374 -4.9411945840181914 -4.236946630394483 10.0
-18.097056656574278 -3.446481130545128 -3.0840992126170574 -4.054531485562277 -4.618884989984247 -3.805208312972173 10.0
-17.597056656574278 -3.0889224008104197 -2.8539030571582282 -3.7013652875696623 -4.3685563016809255 -3.436341032221228 10.0
-17.097056656574278 -2.7432342327524504 -2.6383383279961965 -3.258927298320776 -4.05948358576153 -3.1013023075510233 10.0
-16.597056656574278 -2.5271120369244615 -2.435535224880187 -3.0311670258036676 -3.939869071163053 -2.7987395384433063 10.0
-16.097056656574278 -2.34055928882378 -2.2457243783394807 -2.896418683342727 -3.7949311064296385 -2.5255142779254705 10.0
-15.597056656574278 -2.1899423813283345 -2.1210705974426363 -2.760037766001461 -3.631620199070296 -2.292740824473354 10.0
-15.097056656574278 -2.2999110295323435 -2.3951640571400308 -2.641732011491917 -3.475539036478648 -2.233193265204605 10.0
-14.597056656574278 -2.426530854034394 -2.5604858007710316 -2.682971504844793 -3.3489644761730286 -2.223713043742812 10.0
-14.097056656574278 -2.840824038900628 -3.489053122021125 -2.9060358564395683 -3.2515406944245226 -2.6123522361744875 10.0
-13.597056656574278 -3.0956362137433997 -4.1697322697604555 -2.9511699841657473 -3.2046763063647834 -2.8583778680155563 10.0
-13.097056656574278 -3.295506373684799 -4.57593554527661 -2.9665361046166927 -3.183394248968585 -3.040720120563159 10.0
-12.597056656574278 -3.480565875780395 -4.9262817203479745 -2.9900395392235 -3.251695730385795 -3.201763894326162 10.0
-12.097056656574278 -3.6560010016369366 -5.1804561351522285 -3.1123546433882474 -3.3430877309126745 -3.356251385234572 10.0
-11.597056656574278 -3.8173001673580553 -5.44369756992681 -3.2766265036751134 -3.3913136131237342 -3.497572950709665 10.0
-11.097056656574278 -3.94846168017877 -5.6882462096383435 -3.5853609239570887 -3.4222211339988733 -3.6380834520254544 10.0
#UV LF at redshift: 13
#rest_Frame_mag num_Density_dust num_density_nodust num_Density_dust_diskins num_Density_dust_mergers num_Density_dust_disks
-30.597056656574278 -10.0 -10.0 -10.0 -10.0 -10.0 13
-30.097056656574278 -10.0 -10.0 -10.0 -10.0 -10.0 13
-29.597056656574278 -10.0 -10.0 -10.0 -10.0 -10.0 13
-29.097056656574278 -10.0 -10.0 -10.0 -10.0 -10.0 13
-28.597056656574278 -10.0 -10.0 -10.0 -10.0 -10.0 13
-28.097056656574278 -10.0 -10.0 -10.0 -10.0 -10.0 13
-27.597056656574278 -10.0 -10.0 -10.0 -10.0 -10.0 13
-27.097056656574278 -10.0 -10.0 -10.0 -10.0 -10.0 13
-26.597056656574278 -10.0 -10.0 -10.0 -10.0 -10.0 13
-26.097056656574278 -10.0 -10.0 -10.0 -10.0 -10.0 13
-25.597056656574278 -10.0 -10.0 -10.0 -10.0 -10.0 13
-25.097056656574278 -10.0 -10.0 -10.0 -10.0 -10.0 13
-24.597056656574278 -10.0 -10.0 -10.0 -10.0 -10.0 13
-24.097056656574278 -10.0 -10.0 -10.0 -10.0 -10.0 13
-23.597056656574278 -10.0 -10.0 -10.0 -10.0 -10.0 13
-23.097056656574278 -10.0 -7.301030066358079 -10.0 -10.0 -10.0 13
-22.597056656574278 -10.0 -7.301030066358079 -10.0 -10.0 -10.0 13
-22.097056656574278 -10.0 -6.522878815974435 -10.0 -10.0 -10.0 13
-21.597056656574278 -10.0 -6.0457575612547725 -10.0 -10.0 -10.0 13
-21.097056656574278 -10.0 -5.677780775960178 -10.0 -10.0 -10.0 13
-20.597056656574278 -10.0 -5.387216213974362 -10.0 -10.0 -10.0 13
-20.097056656574278 -6.455932026343822 -5.096910083702154 -6.698970075030116 -10.0 -10.0 13
-19.597056656574278 -6.070581144979805 -4.702239559594964 -6.455932026343822 -10.0 -6.455932026343822 13
-19.097056656574278 -5.305394871760529 -4.438898687045041 -5.698970075030116 -6.698970075030116 -6.221848820310454 13
-18.597056656574278 -4.899629525576534 -4.192803409983151 -5.279840767288141 -5.920818824646473 -5.431798346627103 13
-18.097056656574278 -4.425968802966379 -3.9204570632911917 -4.874518804993503 -5.744727565590791 -4.929962204086342 13
-17.597056656574278 -4.019315096330783 -3.662840426167242 -4.527243621376885 -5.474955263657252 -4.430041252597503 13
-17.097056656574278 -3.59142094528543 -3.4125697483226927 -4.112382770358362 -5.1307683509631214 -4.040005232365681 13
-16.597056656574278 -3.277160564969747 -3.1970895812750575 -3.6964800337868176 -4.877784192421271 -3.6823545274729392 13
-16.097056656574278 -3.195383653706843 -3.1949412079756367 -3.5324659568445056 -4.661543577089493 -3.433326933087981 13
-15.597056656574278 -3.4098830359093077 -3.6468535244801186 -3.6974526982066123 -4.446117044050224 -3.3766990816494005 13
-15.097056656574278 -3.323352178684085 -3.3144822529433546 -3.8748442411135677 -4.246417011801191 -3.0983238393677226 13
-14.597056656574278 -3.623696914938177 -3.9118639819935463 -3.960982748696686 -4.157078949934116 -3.343183432649929 13
-14.097056656574278 -3.9321855595322575 -4.650722543226142 -3.985059720901161 -4.183427374667994 -3.6960484367506474 13
-13.597056656574278 -4.16146580018223 -5.1307683509631214 -3.9463455124033504 -4.2928558823516525 -3.9115096005117014 13
-13.097056656574278 -4.3752024917333365 -5.488116709715223 -3.9627728361118235 -4.310247374554941 -4.077534125395685 13
-12.597056656574278 -4.5451552106855875 -5.823908811638416 -4.154282052727439 -4.333014352364437 -4.241466648456811 13
-12.097056656574278 -4.7133191013391675 -6.187086714051242 -4.364013958893265 -4.320572174081979 -4.388808009825663 13
-11.597056656574278 -4.818156482749325 -6.154902030679841 -4.583359563355817 -4.268814363060097 -4.512861695216911 13
-11.097056656574278 -4.9978340089375894 -7.301030066358079 -4.680894011384321 -4.2494916758427514 -4.6716204672553605 13
#UV LF at redshift: 15.0
#rest_Frame_mag num_Density_dust num_density_nodust num_Density_dust_diskins num_Density_dust_mergers num_Density_dust_disks
-30.597056656574278 -10.0 -10.0 -10.0 -10.0 -10.0 15.0
-30.097056656574278 -10.0 -10.0 -10.0 -10.0 -10.0 15.0
-29.597056656574278 -10.0 -10.0 -10.0 -10.0 -10.0 15.0
-29.097056656574278 -10.0 -10.0 -10.0 -10.0 -10.0 15.0
-28.597056656574278 -10.0 -10.0 -10.0 -10.0 -10.0 15.0
-28.097056656574278 -10.0 -10.0 -10.0 -10.0 -10.0 15.0
-27.597056656574278 -10.0 -10.0 -10.0 -10.0 -10.0 15.0
-27.097056656574278 -10.0 -10.0 -10.0 -10.0 -10.0 15.0
-26.597056656574278 -10.0 -10.0 -10.0 -10.0 -10.0 15.0
-26.097056656574278 -10.0 -10.0 -10.0 -10.0 -10.0 15.0
-25.597056656574278 -10.0 -10.0 -10.0 -10.0 -10.0 15.0
-25.097056656574278 -10.0 -10.0 -10.0 -10.0 -10.0 15.0
-24.597056656574278 -10.0 -10.0 -10.0 -10.0 -10.0 15.0
-24.097056656574278 -10.0 -10.0 -10.0 -10.0 -10.0 15.0
-23.597056656574278 -10.0 -10.0 -10.0 -10.0 -10.0 15.0
-23.097056656574278 -10.0 -10.0 -10.0 -10.0 -10.0 15.0
-22.597056656574278 -10.0 -10.0 -10.0 -10.0 -10.0 15.0
-22.097056656574278 -10.0 -10.0 -10.0 -10.0 -10.0 15.0
-21.597056656574278 -10.0 -10.0 -10.0 -10.0 -10.0 15.0
-21.097056656574278 -10.0 -7.301030066358079 -10.0 -10.0 -10.0 15.0
-20.597056656574278 -10.0 -6.698970075030116 -10.0 -10.0 -10.0 15.0
-20.097056656574278 -10.0 -7.000000070694098 -10.0 -10.0 -10.0 15.0
-19.597056656574278 -10.0 -5.869666302199091 -10.0 -10.0 -10.0 15.0
-19.097056656574278 -6.60206006202206 -5.530178054715934 -6.823908811638416 -10.0 -10.0 15.0
-18.597056656574278 -6.096910083702154 -5.392545047479429 -6.259637381199854 -7.301030066358079 -7.301030066358079 15.0
-18.097056656574278 -5.756962022007803 -4.970616293008888 -6.02227646540525 -7.301030066358079 -6.522878815974435 15.0
-17.597056656574278 -5.11633863554048 -4.744727565590791 -5.462180975620823 -7.000000070694098 -5.698970075030116 15.0
-17.097056656574278 -4.721246469741269 -4.517126487085344 -5.177178425390993 -6.522878815974435 -5.236572077131161 15.0
-16.597056656574278 -4.52215559435534 -4.534617219245679 -4.889410360394849 -6.070581144979805 -4.860120984292861 15.0
-16.097056656574278 -4.528708359635159 -4.662540809403442 -5.040958678373004 -5.769551149315824 -4.6798537845830435 15.0
-15.597056656574278 -4.711080465032371 -4.966576315207148 -5.055517398543929 -5.610833986329565 -4.620694552943515 15.0
-15.097056656574278 -4.451610652561179 -4.396314521079399 -5.158015266103984 -5.414539341185597 -4.257274939389399 15.0
-14.597056656574278 -4.856985270440003 -5.187086714051242 -5.221848820310454 -5.57675419675729 -4.654626340135009 15.0
-14.097056656574278 -5.151810953702699 -5.756962022007803 -5.229148059051953 -5.48148613081621 -4.929962204086342 15.0
-13.597056656574278 -5.371611140643786 -6.259637381199854 -5.187086714051242 -5.501689516904497 -5.207608381195843 15.0
-13.097056656574278 -5.515700231347312 -7.000000070694098 -5.403402975067637 -5.437707206237623 -5.332547117804144 15.0
-12.597056656574278 -5.638272234676505 -6.698970075030116 -5.494850092374191 -5.381951973982005 -5.4497717176390035 15.0
-12.097056656574278 -5.8538720350158595 -10.0 -5.744727565590791 -5.371611140643786 -5.5850267227232795 15.0
-11.597056656574278 -6.070581144979805 -7.301030066358079 -5.782516126480191 -5.414539341185597 -5.886056718387261 15.0
-11.097056656574278 -6.301030066358079 -10.0 -6.154902030679841 -5.341988674036985 -5.958607385535872 15.0
#UV LF at redshift: 17
#rest_Frame_mag num_Density_dust num_density_nodust num_Density_dust_diskins num_Density_dust_mergers num_Density_dust_disks
-30.597056656574278 -10.0 -10.0 -10.0 -10.0 -10.0 17
-30.097056656574278 -10.0 -10.0 -10.0 -10.0 -10.0 17
-29.597056656574278 -10.0 -10.0 -10.0 -10.0 -10.0 17
-29.097056656574278 -10.0 -10.0 -10.0 -10.0 -10.0 17
-28.597056656574278 -10.0 -10.0 -10.0 -10.0 -10.0 17
-28.097056656574278 -10.0 -10.0 -10.0 -10.0 -10.0 17
-27.597056656574278 -10.0 -10.0 -10.0 -10.0 -10.0 17
-27.097056656574278 -10.0 -10.0 -10.0 -10.0 -10.0 17
-26.597056656574278 -10.0 -10.0 -10.0 -10.0 -10.0 17
-26.097056656574278 -10.0 -10.0 -10.0 -10.0 -10.0 17
-25.597056656574278 -10.0 -10.0 -10.0 -10.0 -10.0 17
-25.097056656574278 -10.0 -10.0 -10.0 -10.0 -10.0 17
-24.597056656574278 -10.0 -10.0 -10.0 -10.0 -10.0 17
-24.097056656574278 -10.0 -10.0 -10.0 -10.0 -10.0 17
-23.597056656574278 -10.0 -10.0 -10.0 -10.0 -10.0 17
-23.097056656574278 -10.0 -10.0 -10.0 -10.0 -10.0 17
-22.597056656574278 -10.0 -10.0 -10.0 -10.0 -10.0 17
-22.097056656574278 -10.0 -10.0 -10.0 -10.0 -10.0 17
-21.597056656574278 -10.0 -10.0 -10.0 -10.0 -10.0 17
-21.097056656574278 -10.0 -10.0 -10.0 -10.0 -10.0 17
-20.597056656574278 -10.0 -10.0 -10.0 -10.0 -10.0 17
-20.097056656574278 -10.0 -7.2787536716469265 -10.0 -10.0 -10.0 17
-19.597056656574278 -7.2787536716469265 -6.977723675982945 -7.2787536716469265 -10.0 -10.0 17
-19.097056656574278 -10.0 -6.43365563163267 -10.0 -10.0 -10.0 17
-18.597056656574278 -10.0 -6.500602421263283 -10.0 -10.0 -10.0 17
-18.097056656574278 -6.579783667310908 -5.9170258356293335 -6.676693680318964 -10.0 -10.0 17
-17.597056656574278 -6.237360986488701 -5.77360369332702 -6.579783667310908 -10.0 -7.2787536716469265 17
-17.097056656574278 -5.863780323676108 -5.760239731769039 -6.2787536716469265 -7.2787536716469265 -6.579783667310908 17
-16.597056656574278 -5.722451170879639 -5.801632416927264 -6.102662412591245 -10.0 -6.048304750268652 17
-16.097056656574278 -5.676693680318964 -5.93633099082472 -6.048304750268652 -6.676693680318964 -5.801632416927264 17
-15.597056656574278 -5.7873919778126535 -6.0746336889910015 -6.237360986488701 -6.579783667310908 -5.676693680318964 17
-15.097056656574278 -5.538390982152682 -5.4036924082552265 -6.132625635968688 -6.676693680318964 -5.344255220403359 17
-14.597056656574278 -5.977723675982945 -6.324511162207601 -6.500602421263283 -6.676693680318964 -5.7873919778126535 17
-14.097056656574278 -6.375663684654983 -6.977723675982945 -6.579783667310908 -6.500602421263283 -6.199572425599301 17
-13.597056656574278 -6.43365563163267 -7.2787536716469265 -6.375663684654983 -6.43365563163267 -6.199572425599301 17
-13.097056656574278 -6.579783667310908 -10.0 -6.500602421263283 -6.579783667310908 -6.500602421263283 17
-12.597056656574278 -6.801632416927264 -10.0 -10.0 -6.500602421263283 -6.801632416927264 17
-12.097056656574278 -6.676693680318964 -10.0 -6.676693680318964 -6.676693680318964 -6.579783667310908 17
-11.597056656574278 -6.801632416927264 -10.0 -10.0 -6.43365563163267 -6.676693680318964 17
-11.097056656574278 -7.2787536716469265 -10.0 -7.2787536716469265 -6.977723675982945 -7.2787536716469265 17
