#UV LF at redshift: 6.0
#rest_Frame_mag num_Density_dust num_density_nodust num_Density_dust_diskins num_Density_dust_mergers num_Density_dust_disks
-30.597056656574278 -0.21086566092171216 -0.21086566092171216 -0.21086566092171216 -0.21086566092171216 -0.21086566092171216 6
-30.097056656574278 -0.21086566092171216 -0.21086566092171216 -0.21086566092171216 -0.21086566092171216 -0.21086566092171216 6
-29.597056656574278 -0.21086566092171216 -0.21086566092171216 -0.21086566092171216 -0.21086566092171216 -0.21086566092171216 6
-29.097056656574278 -0.21086566092171216 -0.21086566092171216 -0.21086566092171216 -0.21086566092171216 -0.21086566092171216 6
-28.597056656574278 -0.21086566092171216 -0.21086566092171216 -0.21086566092171216 -0.21086566092171216 -0.21086566092171216 6
-28.097056656574278 -0.21086566092171216 -0.21086566092171216 -0.21086566092171216 -0.21086566092171216 -0.21086566092171216 6
-27.597056656574278 -0.21086566092171216 -0.21086566092171216 -0.21086566092171216 -0.21086566092171216 -0.21086566092171216 6
-27.097056656574278 -0.21086566092171216 -0.21086566092171216 -0.21086566092171216 -0.21086566092171216 -0.21086566092171216 6
-26.597056656574278 -0.21086566092171216 -0.21086566092171216 -0.21086566092171216 -0.21086566092171216 -0.21086566092171216 6
-26.097056656574278 -0.21086566092171216 -0.21086566092171216 -0.21086566092171216 -0.21086566092171216 -0.21086566092171216 6
-25.597056656574278 -0.21086566092171216 -0.21086566092171216 -0.21086566092171216 -0.21086566092171216 -0.21086566092171216 6
-25.097056656574278 -0.21086566092171216 -0.21086566092171216 -0.21086566092171216 -0.21086566092171216 -0.21086566092171216 6
-24.597056656574278 -0.21086566092171216 -0.21086566092171216 -0.21086566092171216 -0.21086566092171216 -0.21086566092171216 6
-24.097056656574278 -0.21086566092171216 -0.21086566092171216 -0.21086566092171216 -0.21086566092171216 -0.21086566092171216 6
-23.597056656574278 -0.21086566092171216 -0.21086566092171216 -0.21086566092171216 -0.21086566092171216 -0.21086566092171216 6
-23.097056656574278 -0.21086566092171216 -0.21086566092171216 -0.21086566092171216 -0.21086566092171216 -0.21086566092171216 6
-22.597056656574278 -0.21086566092171216 -4.716015639241618 -0.21086566092171216 -0.21086566092171216 -0.21086566092171216   6
-22.097056656574278 -0.21086566092171216 -4.062803125466274 -0.21086566092171216 -0.21086566092171216 -0.21086566092171216   6
-21.597056656574278 -0.21086566092171216 -4.062803125466274 -0.21086566092171216 -0.21086566092171216 -0.21086566092171216   6
-21.097056656574278 -4.113955647913656 -3.6191056262335617 -4.716015639241618 -0.21086566092171216 -4.318075630569581        6
-20.597056656574278 -4.171947594891343 -3.6020722869347814 -0.21086566092171216 -0.21086566092171216 -4.113955647913656      6
-20.097056656574278 -3.8409543758499183 -3.184536722199363 -5.0170456349056 -5.0170456349056 -4.0170456349056                6
-19.597056656574278 -3.2846518750826306 -3.017045634905599 -4.113955647913656 -5.0170456349056 -3.4985316950277117           6
-19.097056656574278 -2.8586831428103494 -2.69482634017168 -3.7865967135273255 -4.318075630569581 -2.9836218794186498         6
-18.597056656574278 -2.617371913424561 -2.5667965265862382 -3.6020722869347814 -4.716015639241618 -2.7203804446440683        6
-18.097056656574278 -2.4855667178633443 -2.3969095799318416 -3.554647637006643 -4.113955647913656 -2.5576531471463686        6
-17.597056656574278 -2.2968863314996426 -2.239618812516288 -3.268857607899399 -3.8409543758499183 -2.349592682015645         6
-17.097056656574278 -2.1688565179142003 -2.1037617331451806 -3.0725629627554305 -3.8409543758499183 -2.206141354236899       6
-16.597056656574278 -2.0289327946372473 -1.9655072443902721 -2.9306858042308512 -3.539924380185937 -2.041154498503807        6
-16.097056656574278 -1.9115354501356254 -1.849432962178069 -2.8075306203629684 -3.335804397530012 -1.9081425072382858        6
-15.597056656574278 -1.7871079489976651 -1.7129861686880004 -2.8102197588737496 -3.2846518750826306 -1.7810124877879634      6
-15.097056656574278 -1.6456083175014984 -1.5808829878648432 -2.899774339249835 -3.1305549097331173 -1.6439496478268723       6
-14.597056656574278 -1.5147551069908265 -1.442320051311526 -2.8556776326706244 -3.0347744018660308 -1.5172211390660195       6 
-14.097056656574278 -1.3834761923515075 -1.3174680435066901 -2.923623949743364 -2.8556776326706244 -1.3807583828070862       6
-13.597056656574278 -1.2832867993183965 -1.219501120543873 -2.9756529497473743 -2.7314883258978253 -1.2822458053167525       6
-13.097056656574278 -1.1813550634131738 -1.1162962768445197 -2.991739769640829 -2.6496897138795803 -1.1799624840824134       6
-12.597056656574278 -1.109258191794983 -1.0448890990461057 -3.0580042425845058 -2.5561477921490514 -1.1088824348500514       6
-12.097056656574278 -1.0566224278277696 -0.9988862613646892 -3.077526382286981 -2.4010955832491985 -1.0554347268143185       6
-11.597056656574278 -1.0665834160000014 -1.038226248172757 -3.119418543615158 -2.3376177382934804 -1.0657566976279271        6
-11.097056656574278 -1.3310353435903137 -1.4177085019131102 -3.077526382286981 -2.2751065571764 -1.3296950653475719          6
#UV LF at redshift: 8.0                                                                                                        
#rest_Frame_mag num_Density_dust num_density_nodust num_Density_dust_diskins num_Density_dust_mergers num_Density_dust_disks
-30.597056656574278 -0.21086566092171216 -0.21086566092171216 -0.21086566092171216 -0.21086566092171216 -0.21086566092171216 8
-30.097056656574278 -0.21086566092171216 -0.21086566092171216 -0.21086566092171216 -0.21086566092171216 -0.21086566092171216 8
-29.597056656574278 -0.21086566092171216 -0.21086566092171216 -0.21086566092171216 -0.21086566092171216 -0.21086566092171216 8
-29.097056656574278 -0.21086566092171216 -0.21086566092171216 -0.21086566092171216 -0.21086566092171216 -0.21086566092171216 8
-28.597056656574278 -0.21086566092171216 -0.21086566092171216 -0.21086566092171216 -0.21086566092171216 -0.21086566092171216 8
-28.097056656574278 -0.21086566092171216 -0.21086566092171216 -0.21086566092171216 -0.21086566092171216 -0.21086566092171216 8
-27.597056656574278 -0.21086566092171216 -0.21086566092171216 -0.21086566092171216 -0.21086566092171216 -0.21086566092171216 8
-27.097056656574278 -0.21086566092171216 -0.21086566092171216 -0.21086566092171216 -0.21086566092171216 -0.21086566092171216 8
-26.597056656574278 -0.21086566092171216 -0.21086566092171216 -0.21086566092171216 -0.21086566092171216 -0.21086566092171216 8
-26.097056656574278 -0.21086566092171216 -0.21086566092171216 -0.21086566092171216 -0.21086566092171216 -0.21086566092171216 8
-25.597056656574278 -0.21086566092171216 -0.21086566092171216 -0.21086566092171216 -0.21086566092171216 -0.21086566092171216 8
-25.097056656574278 -0.21086566092171216 -0.21086566092171216 -0.21086566092171216 -0.21086566092171216 -0.21086566092171216 8
-24.597056656574278 -0.21086566092171216 -0.21086566092171216 -0.21086566092171216 -0.21086566092171216 -0.21086566092171216 8
-24.097056656574278 -0.21086566092171216 -0.21086566092171216 -0.21086566092171216 -0.21086566092171216 -0.21086566092171216 8
-23.597056656574278 -0.21086566092171216 -0.21086566092171216 -0.21086566092171216 -0.21086566092171216 -0.21086566092171216 8
-23.097056656574278 -0.21086566092171216 -0.21086566092171216 -0.21086566092171216 -0.21086566092171216 -0.21086566092171216 8
-22.597056656574278 -0.21086566092171216 -0.21086566092171216 -0.21086566092171216 -0.21086566092171216 -0.21086566092171216 8
-22.097056656574278 -0.21086566092171216 -4.716015639241618 -0.21086566092171216 -0.21086566092171216 -0.21086566092171216   8
-21.597056656574278 -0.21086566092171216 -4.238894384521956 -0.21086566092171216 -0.21086566092171216 -0.21086566092171216   8
-21.097056656574278 -0.21086566092171216 -3.9378643888579745 -0.21086566092171216 -0.21086566092171216 -0.21086566092171216  8
-20.597056656574278 -0.21086566092171216 -3.761773129802293 -0.21086566092171216 -0.21086566092171216 -0.21086566092171216   8
-20.097056656574278 -4.113955647913656 -3.6368343931939933 -4.318075630569581 -0.21086566092171216 -4.716015639241618        8
-19.597056656574278 -3.761773129802293 -3.4042617781858637 -4.318075630569581 -0.21086566092171216 -4.318075630569581        8
-19.097056656574278 -3.3735929584194118 -3.184536722199363 -3.761773129802293 -5.0170456349056 -3.6553177988880066           8
-18.597056656574278 -3.0979675425295254 -2.9756529497473743 -3.554647637006643 -4.539924380185937 -3.4729775905553235        8
-18.097056656574278 -2.8931939939385134 -2.849728300157423 -3.4855667178633443 -4.171947594891343 -3.0628031254662744        8
-17.597056656574278 -2.6927631796079066 -2.5889108408768102 -3.4729775905553235 -4.062803125466274 -2.7815171879980505       8
-17.097056656574278 -2.4932991680940346 -2.4248688775097325 -3.393796344507699 -3.9378643888579745 -2.5937997609687913       8
-16.597056656574278 -2.2735358701771693 -2.2177050854520175 -3.077526382286981 -4.0170456349056 -2.321563958415402           8
-16.097056656574278 -2.153128257947739 -2.0871160748210116 -3.0628031254662744 -3.69482634017168 -2.161526479237799          8
-15.597056656574278 -1.9780283129081875 -1.8938475598736004 -3.0439177813059004 -3.448843910838604 -1.9612851702178644       8
-15.097056656574278 -1.828398338905882 -1.7683368993046815 -3.017045634905599 -3.3638331211302557 -1.8208694498656257        8
-14.597056656574278 -1.700655883832404 -1.6215445105999733 -3.0347744018660308 -3.3835771793260125 -1.6925574015979428       8
-14.097056656574278 -1.5871319371418449 -1.521778890517789 -3.004208410200427 -3.2766829454113555 -1.5813604969639694        8
-13.597056656574278 -1.4982685659788244 -1.4371477653024956 -3.0439177813059004 -3.231715799894832 -1.4943406421708494       8
-13.097056656574278 -1.4354372688735417 -1.3713286955359956 -3.0214104403080495 -3.0347744018660308 -1.4324882743799243      8
-12.597056656574278 -1.4099124305140327 -1.3540046600116251 -3.0580042425845058 -2.9414986735130686 -1.4083057158368113      8
-12.097056656574278 -1.6498761463709186 -1.7110497521347945 -3.1537227747851433 -2.9132419139496424 -1.647458744169255       8
-11.597056656574278 -2.048562686351664 -2.5356030064032944 -3.2766829454113555 -2.9271405234662016 -2.040237297567533        8
-11.097056656574278 -2.2704114359680205 -3.0825471836620317 -3.2846518750826306 -2.8048580305016415 -2.2634625760126927      8
#UV LF at redshift: 10.0                                                                                                       
#rest_Frame_mag num_Density_dust num_density_nodust num_Density_dust_diskins num_Density_dust_mergers num_Density_dust_disks
-30.597056656574278 -0.21086566092171216 -0.21086566092171216 -0.21086566092171216 -0.21086566092171216 -0.21086566092171216 10
-30.097056656574278 -0.21086566092171216 -0.21086566092171216 -0.21086566092171216 -0.21086566092171216 -0.21086566092171216 10
-29.597056656574278 -0.21086566092171216 -0.21086566092171216 -0.21086566092171216 -0.21086566092171216 -0.21086566092171216 10
-29.097056656574278 -0.21086566092171216 -0.21086566092171216 -0.21086566092171216 -0.21086566092171216 -0.21086566092171216 10
-28.597056656574278 -0.21086566092171216 -0.21086566092171216 -0.21086566092171216 -0.21086566092171216 -0.21086566092171216 10
-28.097056656574278 -0.21086566092171216 -0.21086566092171216 -0.21086566092171216 -0.21086566092171216 -0.21086566092171216 10
-27.597056656574278 -0.21086566092171216 -0.21086566092171216 -0.21086566092171216 -0.21086566092171216 -0.21086566092171216 10
-27.097056656574278 -0.21086566092171216 -0.21086566092171216 -0.21086566092171216 -0.21086566092171216 -0.21086566092171216 10
-26.597056656574278 -0.21086566092171216 -0.21086566092171216 -0.21086566092171216 -0.21086566092171216 -0.21086566092171216 10
-26.097056656574278 -0.21086566092171216 -0.21086566092171216 -0.21086566092171216 -0.21086566092171216 -0.21086566092171216 10
-25.597056656574278 -0.21086566092171216 -0.21086566092171216 -0.21086566092171216 -0.21086566092171216 -0.21086566092171216 10
-25.097056656574278 -0.21086566092171216 -0.21086566092171216 -0.21086566092171216 -0.21086566092171216 -0.21086566092171216 10
-24.597056656574278 -0.21086566092171216 -0.21086566092171216 -0.21086566092171216 -0.21086566092171216 -0.21086566092171216 10
-24.097056656574278 -0.21086566092171216 -0.21086566092171216 -0.21086566092171216 -0.21086566092171216 -0.21086566092171216 10
-23.597056656574278 -0.21086566092171216 -0.21086566092171216 -0.21086566092171216 -0.21086566092171216 -0.21086566092171216 10
-23.097056656574278 -0.21086566092171216 -0.21086566092171216 -0.21086566092171216 -0.21086566092171216 -0.21086566092171216 10
-22.597056656574278 -0.21086566092171216 -0.21086566092171216 -0.21086566092171216 -0.21086566092171216 -0.21086566092171216 10
-22.097056656574278 -0.21086566092171216 -5.0170456349056 -0.21086566092171216 -0.21086566092171216 -0.21086566092171216     10
-21.597056656574278 -5.0170456349056 -4.716015639241618 -5.0170456349056 -0.21086566092171216 -0.21086566092171216           10
-21.097056656574278 -0.21086566092171216 -4.539924380185937 -0.21086566092171216 -0.21086566092171216 -0.21086566092171216   10
-20.597056656574278 -5.0170456349056 -4.716015639241618 -5.0170456349056 -0.21086566092171216 -0.21086566092171216           10
-20.097056656574278 -5.0170456349056 -4.113955647913656 -0.21086566092171216 -0.21086566092171216 -5.0170456349056           10
-19.597056656574278 -4.238894384521956 -4.0170456349056 -4.318075630569581 -0.21086566092171216 -0.21086566092171216         10
-19.097056656574278 -4.113955647913656 -3.7160156392416184 -4.171947594891343 -0.21086566092171216 -4.716015639241618        10
-18.597056656574278 -3.554647637006643 -3.539924380185937 -4.171947594891343 -5.0170456349056 -3.9031022825987627            10
-18.097056656574278 -3.460743134138312 -3.3449477769698817 -3.8409543758499183 -0.21086566092171216 -3.8409543758499183      10
-17.597056656574278 -3.231715799894832 -3.124951032215119 -3.8409543758499183 -4.539924380185937 -3.437262038288789          10
-17.097056656574278 -2.8899408365407915 -2.8617095974405373 -3.6191056262335617 -5.0170456349056 -3.0258195592131045         10
-16.597056656574278 -2.6805859010570696 -2.6071125115743046 -3.4259810278791 -4.238894384521956 -2.7593670600364146          10
-16.097056656574278 -2.5370386919484487 -2.4418577899779383 -3.448843910838604 -4.113955647913656 -2.5777129410753368        10
-15.597056656574278 -2.3385272558654853 -2.2642292037173277 -3.437262038288789 -3.9031022825987627 -2.3514646438876463       10
-15.097056656574278 -2.183898522992814 -2.1037617331451806 -3.2246539454073453 -4.062803125466274 -2.162132612597744         10
-14.597056656574278 -2.059917437228786 -1.99010400694657 -3.2388943845219558 -3.8409543758499183 -2.0490299209119573         10
-14.097056656574278 -1.9525876456786806 -1.9034364838325715 -3.184536722199363 -3.761773129802293 -1.940041308112249         10
-13.597056656574278 -1.901102457966544 -1.8340606679020173 -3.246193623263455 -3.7160156392416184 -1.8922154854917403        10
-13.097056656574278 -1.9382264518067505 -1.89878090881612 -3.2388943845219558 -3.4149856435776367 -1.9339014917625468        10
-12.597056656574278 -2.309475458807663 -2.4160727392188512 -3.246193623263455 -3.437262038288789 -2.306928269793783          10
-12.097056656574278 -2.627879550541067 -3.113955647913656 -3.309475458807663 -3.3735929584194118 -2.615645094124055          10
-11.597056656574278 -2.7917363531797363 -3.5118956565856934 -3.4729775905553235 -3.4985316950277117 -2.7840495245134456      10
-11.097056656574278 -2.886711866410593 -3.8409543758499183 -3.5256839410713265 -3.56988760356338 -2.8586831428103494         10
#UV LF at redshift: 12.56
#rest_Frame_mag num_Density_dust num_density_nodust num_Density_dust_diskins num_Density_dust_mergers num_Density_dust_disks
-30.597056656574278 -0.20585761906303907 -0.20585761906303907 -0.20585761906303907 -0.20585761906303907 -0.20585761906303907 12.56
-30.097056656574278 -0.20585761906303907 -0.20585761906303907 -0.20585761906303907 -0.20585761906303907 -0.20585761906303907 12.56
-29.597056656574278 -0.20585761906303907 -0.20585761906303907 -0.20585761906303907 -0.20585761906303907 -0.20585761906303907 12.56
-29.097056656574278 -0.20585761906303907 -0.20585761906303907 -0.20585761906303907 -0.20585761906303907 -0.20585761906303907 12.56
-28.597056656574278 -0.20585761906303907 -0.20585761906303907 -0.20585761906303907 -0.20585761906303907 -0.20585761906303907 12.56
-28.097056656574278 -0.20585761906303907 -0.20585761906303907 -0.20585761906303907 -0.20585761906303907 -0.20585761906303907 12.56
-27.597056656574278 -0.20585761906303907 -0.20585761906303907 -0.20585761906303907 -0.20585761906303907 -0.20585761906303907 12.56
-27.097056656574278 -0.20585761906303907 -0.20585761906303907 -0.20585761906303907 -0.20585761906303907 -0.20585761906303907 12.56
-26.597056656574278 -0.20585761906303907 -0.20585761906303907 -0.20585761906303907 -0.20585761906303907 -0.20585761906303907 12.56
-26.097056656574278 -0.20585761906303907 -0.20585761906303907 -0.20585761906303907 -0.20585761906303907 -0.20585761906303907 12.56
-25.597056656574278 -0.20585761906303907 -0.20585761906303907 -0.20585761906303907 -0.20585761906303907 -0.20585761906303907 12.56
-25.097056656574278 -0.20585761906303907 -0.20585761906303907 -0.20585761906303907 -0.20585761906303907 -0.20585761906303907 12.56
-24.597056656574278 -0.20585761906303907 -0.20585761906303907 -0.20585761906303907 -0.20585761906303907 -0.20585761906303907 12.56
-24.097056656574278 -0.20585761906303907 -0.20585761906303907 -0.20585761906303907 -0.20585761906303907 -0.20585761906303907 12.56
-23.597056656574278 -0.20585761906303907 -0.20585761906303907 -0.20585761906303907 -0.20585761906303907 -0.20585761906303907 12.56
-23.097056656574278 -0.20585761906303907 -0.20585761906303907 -0.20585761906303907 -0.20585761906303907 -0.20585761906303907 12.56
-22.597056656574278 -0.20585761906303907 -0.20585761906303907 -0.20585761906303907 -0.20585761906303907 -0.20585761906303907 12.56
-22.097056656574278 -0.20585761906303907 -0.20585761906303907 -0.20585761906303907 -0.20585761906303907 -0.20585761906303907 12.56
-21.597056656574278 -0.20585761906303907 -0.20585761906303907 -0.20585761906303907 -0.20585761906303907 -0.20585761906303907 12.56
-21.097056656574278 -0.20585761906303907 -0.20585761906303907 -0.20585761906303907 -0.20585761906303907 -0.20585761906303907 12.56
-20.597056656574278 -0.20585761906303907 -5.017045661226888 -0.20585761906303907 -0.20585761906303907 -0.20585761906303907 12.56
-20.097056656574278 -5.017045661226888 -5.017045661226888 -0.20585761906303907 -0.20585761906303907 -0.20585761906303907 12.56
-19.597056656574278 -0.20585761906303907 -5.017045661226888 -5.017045661226888 -0.20585761906303907 -0.20585761906303907 12.56
-19.097056656574278 -5.017045661226888 -4.716015665562907 -5.017045661226888 -0.20585761906303907 -0.20585761906303907 12.56
-18.597056656574278 -4.414985669898925 -4.716015665562907 -5.017045661226888 -0.20585761906303907 -4.716015665562907 12.56
-18.097056656574278 -4.318075656890869 -4.238894410843244 -4.716015665562907 -0.20585761906303907 -4.716015665562907 12.56
-17.597056656574278 -4.017045661226888 -3.8709176255486497 -4.414985669898925 -0.20585761906303907 -4.318075656890869 12.56
-17.097056656574278 -3.903102308920051 -3.7160156655629066 -4.318075656890869 -5.017045661226888 -4.113955674234944 12.56
-16.597056656574278 -3.472977616876612 -3.4042618045071524 -4.539924406507225 -0.20585761906303907 -3.636834419515282 12.56
-16.097056656574278 -3.268857634220687 -3.197501725685019 -3.812925678570963 -5.017045661226888 -3.425981054200389 12.56
-15.597056656574278 -3.062803151787563 -2.975652976068663 -4.017045661226888 -5.017045661226888 -3.058004268905794 12.56
-15.097056656574278 -2.8771665748256514 -2.807530646684257 -3.7160156655629066 -4.414985669898925 -2.8997743655711234 12.56
-14.597056656574278 -2.786596739848614 -2.7641926302469946 -3.937864415179263 -4.414985669898925 -2.771532993412738 12.56
-14.097056656574278 -2.7740076125405935 -2.686631887877697 -3.786596739848614 -4.539924406507225 -2.722579435065295 12.56
-13.597056656574278 -2.9525876719999693 -2.956347820873276 -3.6948263664929684 -4.414985669898925 -2.9098356915790196 12.56
-13.097056656574278 -3.067655654581975 -3.1657873125078124 -3.6948263664929684 -5.017045661226888 -3.058004268905794 12.56
-12.597056656574278 -3.4985317213490004 -3.738292060274059 -4.062803151787563 -4.414985669898925 -3.4855667441846325 12.56
-12.097056656574278 -3.655317825209295 -4.539924406507225 -4.113955674234944 -4.318075656890869 -3.636834419515282 12.56
-11.597056656574278 -3.786596739848614 -4.414985669898925 -3.8709176255486497 -4.414985669898925 -3.761773156123582 12.56
-11.097056656574278 -3.903102308920051 -4.414985669898925 -4.318075656890869 -4.113955674234944 -3.8709176255486497 12.56
#UV LF at redshift: 12.78
#rest_Frame_mag num_Density_dust num_density_nodust num_Density_dust_diskins num_Density_dust_mergers num_Density_dust_disks
-30.597056656574278 -0.20585761906303907 -0.20585761906303907 -0.20585761906303907 -0.20585761906303907 -0.20585761906303907 12.78
-30.097056656574278 -0.20585761906303907 -0.20585761906303907 -0.20585761906303907 -0.20585761906303907 -0.20585761906303907 12.78
-29.597056656574278 -0.20585761906303907 -0.20585761906303907 -0.20585761906303907 -0.20585761906303907 -0.20585761906303907 12.78
-29.097056656574278 -0.20585761906303907 -0.20585761906303907 -0.20585761906303907 -0.20585761906303907 -0.20585761906303907 12.78
-28.597056656574278 -0.20585761906303907 -0.20585761906303907 -0.20585761906303907 -0.20585761906303907 -0.20585761906303907 12.78
-28.097056656574278 -0.20585761906303907 -0.20585761906303907 -0.20585761906303907 -0.20585761906303907 -0.20585761906303907 12.78
-27.597056656574278 -0.20585761906303907 -0.20585761906303907 -0.20585761906303907 -0.20585761906303907 -0.20585761906303907 12.78
-27.097056656574278 -0.20585761906303907 -0.20585761906303907 -0.20585761906303907 -0.20585761906303907 -0.20585761906303907 12.78
-26.597056656574278 -0.20585761906303907 -0.20585761906303907 -0.20585761906303907 -0.20585761906303907 -0.20585761906303907 12.78
-26.097056656574278 -0.20585761906303907 -0.20585761906303907 -0.20585761906303907 -0.20585761906303907 -0.20585761906303907 12.78
-25.597056656574278 -0.20585761906303907 -0.20585761906303907 -0.20585761906303907 -0.20585761906303907 -0.20585761906303907 12.78
-25.097056656574278 -0.20585761906303907 -0.20585761906303907 -0.20585761906303907 -0.20585761906303907 -0.20585761906303907 12.78
-24.597056656574278 -0.20585761906303907 -0.20585761906303907 -0.20585761906303907 -0.20585761906303907 -0.20585761906303907 12.78
-24.097056656574278 -0.20585761906303907 -0.20585761906303907 -0.20585761906303907 -0.20585761906303907 -0.20585761906303907 12.78
-23.597056656574278 -0.20585761906303907 -0.20585761906303907 -0.20585761906303907 -0.20585761906303907 -0.20585761906303907 12.78
-23.097056656574278 -0.20585761906303907 -0.20585761906303907 -0.20585761906303907 -0.20585761906303907 -0.20585761906303907 12.78
-22.597056656574278 -0.20585761906303907 -0.20585761906303907 -0.20585761906303907 -0.20585761906303907 -0.20585761906303907 12.78
-22.097056656574278 -0.20585761906303907 -0.20585761906303907 -0.20585761906303907 -0.20585761906303907 -0.20585761906303907 12.78
-21.597056656574278 -0.20585761906303907 -0.20585761906303907 -0.20585761906303907 -0.20585761906303907 -0.20585761906303907 12.78
-21.097056656574278 -0.20585761906303907 -0.20585761906303907 -0.20585761906303907 -0.20585761906303907 -0.20585761906303907 12.78
-20.597056656574278 -0.20585761906303907 -0.20585761906303907 -0.20585761906303907 -0.20585761906303907 -0.20585761906303907 12.78
-20.097056656574278 -0.20585761906303907 -0.20585761906303907 -0.20585761906303907 -0.20585761906303907 -0.20585761906303907 12.78
-19.597056656574278 -0.20585761906303907 -4.539924406507225 -0.20585761906303907 -0.20585761906303907 -0.20585761906303907 12.78
-19.097056656574278 -4.539924406507225 -4.716015665562907 -5.017045661226888 -0.20585761906303907 -0.20585761906303907 12.78
-18.597056656574278 -4.716015665562907 -4.238894410843244 -5.017045661226888 -5.017045661226888 -5.017045661226888 12.78
-18.097056656574278 -4.318075656890869 -4.716015665562907 -4.716015665562907 -4.716015665562907 -5.017045661226888 12.78
-17.597056656574278 -4.171947621212631 -4.062803151787563 -4.539924406507225 -5.017045661226888 -4.539924406507225 12.78
-17.097056656574278 -4.017045661226888 -3.786596739848614 -4.414985669898925 -5.017045661226888 -4.238894410843244 12.78
-16.597056656574278 -3.6020723132560697 -3.4985317213490004 -4.238894410843244 -5.017045661226888 -3.786596739848614 12.78
-16.097056656574278 -3.3449478032911704 -3.276682971732644 -3.903102308920051 -4.539924406507225 -3.4607431604596006 12.78
-15.597056656574278 -3.153722801106432 -3.0532578338813323 -4.171947621212631 -5.017045661226888 -3.224653971728634 12.78
-15.097056656574278 -2.960140809890415 -2.8835067528566705 -3.937864415179263 -5.017045661226888 -2.987661883541678 12.78
-14.597056656574278 -2.9236239760646527 -2.8526928054424507 -3.7160156655629066 -4.539924406507225 -2.8709176255486497 12.78
-14.097056656574278 -2.8380687139337186 -2.7641926302469946 -4.017045661226888 -4.539924406507225 -2.791736379501025 12.78
-13.597056656574278 -3.004208436521716 -3.021410466629338 -3.7160156655629066 -0.20585761906303907 -3.0000123219281076 12.78
-13.097056656574278 -3.141984397835188 -3.2536176676639506 -3.8709176255486497 -4.414985669898925 -3.113955674234944 12.78
-12.597056656574278 -3.5256839673926152 -3.8709176255486497 -4.414985669898925 -4.716015665562907 -3.4855667441846325 12.78
-12.097056656574278 -3.655317825209295 -4.414985669898925 -4.171947621212631 -4.716015665562907 -3.655317825209295 12.78
-11.597056656574278 -4.017045661226888 -4.539924406507225 -4.238894410843244 -5.017045661226888 -3.975652976068663 12.78
-11.097056656574278 -3.903102308920051 -4.716015665562907 -4.539924406507225 -4.171947621212631 -3.8709176255486497 12.78
#UV LF at redshift: 13.0                                                                                                       
#rest_Frame_mag num_Density_dust num_density_nodust num_Density_dust_diskins num_Density_dust_mergers num_Density_dust_disks
-30.597056656574278 -0.21086566092171216 -0.21086566092171216 -0.21086566092171216 -0.21086566092171216 -0.21086566092171216 13
-30.097056656574278 -0.21086566092171216 -0.21086566092171216 -0.21086566092171216 -0.21086566092171216 -0.21086566092171216 13
-29.597056656574278 -0.21086566092171216 -0.21086566092171216 -0.21086566092171216 -0.21086566092171216 -0.21086566092171216 13
-29.097056656574278 -0.21086566092171216 -0.21086566092171216 -0.21086566092171216 -0.21086566092171216 -0.21086566092171216 13
-28.597056656574278 -0.21086566092171216 -0.21086566092171216 -0.21086566092171216 -0.21086566092171216 -0.21086566092171216 13
-28.097056656574278 -0.21086566092171216 -0.21086566092171216 -0.21086566092171216 -0.21086566092171216 -0.21086566092171216 13
-27.597056656574278 -0.21086566092171216 -0.21086566092171216 -0.21086566092171216 -0.21086566092171216 -0.21086566092171216 13
-27.097056656574278 -0.21086566092171216 -0.21086566092171216 -0.21086566092171216 -0.21086566092171216 -0.21086566092171216 13
-26.597056656574278 -0.21086566092171216 -0.21086566092171216 -0.21086566092171216 -0.21086566092171216 -0.21086566092171216 13
-26.097056656574278 -0.21086566092171216 -0.21086566092171216 -0.21086566092171216 -0.21086566092171216 -0.21086566092171216 13
-25.597056656574278 -0.21086566092171216 -0.21086566092171216 -0.21086566092171216 -0.21086566092171216 -0.21086566092171216 13
-25.097056656574278 -0.21086566092171216 -0.21086566092171216 -0.21086566092171216 -0.21086566092171216 -0.21086566092171216 13
-24.597056656574278 -0.21086566092171216 -0.21086566092171216 -0.21086566092171216 -0.21086566092171216 -0.21086566092171216 13
-24.097056656574278 -0.21086566092171216 -0.21086566092171216 -0.21086566092171216 -0.21086566092171216 -0.21086566092171216 13
-23.597056656574278 -0.21086566092171216 -0.21086566092171216 -0.21086566092171216 -0.21086566092171216 -0.21086566092171216 13
-23.097056656574278 -0.21086566092171216 -0.21086566092171216 -0.21086566092171216 -0.21086566092171216 -0.21086566092171216 13
-22.597056656574278 -0.21086566092171216 -0.21086566092171216 -0.21086566092171216 -0.21086566092171216 -0.21086566092171216 13
-22.097056656574278 -0.21086566092171216 -0.21086566092171216 -0.21086566092171216 -0.21086566092171216 -0.21086566092171216 13
-21.597056656574278 -0.21086566092171216 -0.21086566092171216 -0.21086566092171216 -0.21086566092171216 -0.21086566092171216 13
-21.097056656574278 -0.21086566092171216 -5.0170456349056 -0.21086566092171216 -0.21086566092171216 -0.21086566092171216     13
-20.597056656574278 -0.21086566092171216 -0.21086566092171216 -0.21086566092171216 -0.21086566092171216 -0.21086566092171216 13
-20.097056656574278 -0.21086566092171216 -5.0170456349056 -0.21086566092171216 -0.21086566092171216 -0.21086566092171216     13
-19.597056656574278 -4.716015639241618 -4.539924380185937 -4.716015639241618 -0.21086566092171216 -0.21086566092171216       13
-19.097056656574278 -5.0170456349056 -5.0170456349056 -5.0170456349056 -0.21086566092171216 -0.21086566092171216             13
-18.597056656574278 -5.0170456349056 -4.716015639241618 -0.21086566092171216 -0.21086566092171216 -0.21086566092171216       13
-18.097056656574278 -4.318075630569581 -4.238894384521956 -4.539924380185937 -0.21086566092171216 -5.0170456349056           13
-17.597056656574278 -4.414985643577637 -4.318075630569581 -4.716015639241618 -5.0170456349056 -5.0170456349056               13
-17.097056656574278 -4.062803125466274 -4.0170456349056 -4.539924380185937 -0.21086566092171216 -4.539924380185937           13
-16.597056656574278 -3.7382920339527708 -3.674622954083393 -4.171947594891343 -5.0170456349056 -3.8409543758499183           13
-16.097056656574278 -3.3542878032240253 -3.2766829454113555 -3.9378643888579745 -5.0170456349056 -3.4855667178633443         13
-15.597056656574278 -3.210865660921712 -3.141984371513899 -4.238894384521956 -4.716015639241618 -3.246193623263455           13
-15.097056656574278 -3.0302739006393544 -3.004208410200427 -3.9378643888579745 -0.21086566092171216 -3.0628031254662744      13
-14.597056656574278 -2.9563477945519874 -2.8617095974405373 -4.0170456349056 -4.539924380185937 -2.9271405234662016          13
-14.097056656574278 -2.971722656118942 -2.9166750897880362 -4.062803125466274 -5.0170456349056 -2.909835665257731            13
-13.597056656574278 -3.1085606160269497 -3.1597131384743307 -3.8129256522496746 -4.318075630569581 -3.0979675425295254       13
-13.097056656574278 -3.2846518750826306 -3.3835771793260125 -3.8409543758499183 -4.539924380185937 -3.2388943845219558       13
-12.597056656574278 -3.7382920339527708 -3.9031022825987627 -4.113955647913656 -4.716015639241618 -3.6368343931939933        13
-12.097056656574278 -3.9378643888579745 -4.539924380185937 -4.318075630569581 -4.539924380185937 -3.9378643888579745         13
-11.597056656574278 -4.113955647913656 -4.414985643577637 -4.171947594891343 -4.539924380185937 -4.0170456349056             13
-11.097056656574278 -4.318075630569581 -5.0170456349056 -4.171947594891343 -4.539924380185937 -4.238894384521956             13
#UV LF at redshift: 15.0                                                                                                       
#rest_Frame_mag num_Density_dust num_density_nodust num_Density_dust_diskins num_Density_dust_mergers num_Density_dust_disks
-30.597056656574278 -0.21086566092171216 -0.21086566092171216 -0.21086566092171216 -0.21086566092171216 -0.21086566092171216 15
-30.097056656574278 -0.21086566092171216 -0.21086566092171216 -0.21086566092171216 -0.21086566092171216 -0.21086566092171216 15
-29.597056656574278 -0.21086566092171216 -0.21086566092171216 -0.21086566092171216 -0.21086566092171216 -0.21086566092171216 15
-29.097056656574278 -0.21086566092171216 -0.21086566092171216 -0.21086566092171216 -0.21086566092171216 -0.21086566092171216 15
-28.597056656574278 -0.21086566092171216 -0.21086566092171216 -0.21086566092171216 -0.21086566092171216 -0.21086566092171216 15
-28.097056656574278 -0.21086566092171216 -0.21086566092171216 -0.21086566092171216 -0.21086566092171216 -0.21086566092171216 15
-27.597056656574278 -0.21086566092171216 -0.21086566092171216 -0.21086566092171216 -0.21086566092171216 -0.21086566092171216 15
-27.097056656574278 -0.21086566092171216 -0.21086566092171216 -0.21086566092171216 -0.21086566092171216 -0.21086566092171216 15
-26.597056656574278 -0.21086566092171216 -0.21086566092171216 -0.21086566092171216 -0.21086566092171216 -0.21086566092171216 15
-26.097056656574278 -0.21086566092171216 -0.21086566092171216 -0.21086566092171216 -0.21086566092171216 -0.21086566092171216 15
-25.597056656574278 -0.21086566092171216 -0.21086566092171216 -0.21086566092171216 -0.21086566092171216 -0.21086566092171216 15
-25.097056656574278 -0.21086566092171216 -0.21086566092171216 -0.21086566092171216 -0.21086566092171216 -0.21086566092171216 15
-24.597056656574278 -0.21086566092171216 -0.21086566092171216 -0.21086566092171216 -0.21086566092171216 -0.21086566092171216 15
-24.097056656574278 -0.21086566092171216 -0.21086566092171216 -0.21086566092171216 -0.21086566092171216 -0.21086566092171216 15
-23.597056656574278 -0.21086566092171216 -0.21086566092171216 -0.21086566092171216 -0.21086566092171216 -0.21086566092171216 15
-23.097056656574278 -0.21086566092171216 -0.21086566092171216 -0.21086566092171216 -0.21086566092171216 -0.21086566092171216 15
-22.597056656574278 -0.21086566092171216 -0.21086566092171216 -0.21086566092171216 -0.21086566092171216 -0.21086566092171216 15
-22.097056656574278 -0.21086566092171216 -0.21086566092171216 -0.21086566092171216 -0.21086566092171216 -0.21086566092171216 15
-21.597056656574278 -0.21086566092171216 -0.21086566092171216 -0.21086566092171216 -0.21086566092171216 -0.21086566092171216 15
-21.097056656574278 -0.21086566092171216 -0.21086566092171216 -0.21086566092171216 -0.21086566092171216 -0.21086566092171216 15
-20.597056656574278 -0.21086566092171216 -0.21086566092171216 -0.21086566092171216 -0.21086566092171216 -0.21086566092171216 15
-20.097056656574278 -0.21086566092171216 -0.21086566092171216 -0.21086566092171216 -0.21086566092171216 -0.21086566092171216 15
-19.597056656574278 -0.21086566092171216 -5.0170456349056 -0.21086566092171216 -0.21086566092171216 -0.21086566092171216     15
-19.097056656574278 -0.21086566092171216 -0.21086566092171216 -0.21086566092171216 -0.21086566092171216 -0.21086566092171216 15
-18.597056656574278 -0.21086566092171216 -0.21086566092171216 -0.21086566092171216 -0.21086566092171216 -0.21086566092171216 15
-18.097056656574278 -5.0170456349056 -0.21086566092171216 -5.0170456349056 -0.21086566092171216 -0.21086566092171216         15
-17.597056656574278 -4.716015639241618 -4.539924380185937 -0.21086566092171216 -0.21086566092171216 -5.0170456349056         15
-17.097056656574278 -4.318075630569581 -4.414985643577637 -4.414985643577637 -0.21086566092171216 -0.21086566092171216       15
-16.597056656574278 -5.0170456349056 -4.716015639241618 -5.0170456349056 -0.21086566092171216 -4.716015639241618             15
-16.097056656574278 -4.238894384521956 -4.171947594891343 -5.0170456349056 -5.0170456349056 -4.414985643577637               15
-15.597056656574278 -3.9756529497473743 -3.8409543758499183 -5.0170456349056 -0.21086566092171216 -4.0170456349056           15
-15.097056656574278 -3.8709175992273614 -3.8709175992273614 -4.414985643577637 -0.21086566092171216 -3.9031022825987627      15
-14.597056656574278 -3.7382920339527708 -3.69482634017168 -4.716015639241618 -0.21086566092171216 -3.69482634017168          15
-14.097056656574278 -4.318075630569581 -4.414985643577637 -4.716015639241618 -0.21086566092171216 -4.171947594891343         15
-13.597056656574278 -4.0170456349056 -3.9378643888579745 -5.0170456349056 -0.21086566092171216 -3.9031022825987627           15
-13.097056656574278 -4.716015639241618 -4.716015639241618 -4.716015639241618 -4.716015639241618 -4.539924380185937           15
-12.597056656574278 -4.238894384521956 -4.062803125466274 -4.539924380185937 -0.21086566092171216 -4.318075630569581         15
-12.097056656574278 -4.414985643577637 -5.0170456349056 -5.0170456349056 -0.21086566092171216 -4.318075630569581             15
-11.597056656574278 -4.238894384521956 -5.0170456349056 -4.716015639241618 -5.0170456349056 -4.318075630569581               15
-11.097056656574278 -0.21086566092171216 -0.21086566092171216 -5.0170456349056 -4.539924380185937 -0.21086566092171216       15
#UV LF at redshift: 17.0                                                                                                       
#rest_Frame_mag num_Density_dust num_density_nodust num_Density_dust_diskins num_Density_dust_mergers num_Density_dust_disks
-30.597056656574278 -0.21086566092171216 -0.21086566092171216 -0.21086566092171216 -0.21086566092171216 -0.21086566092171216 17
-30.097056656574278 -0.21086566092171216 -0.21086566092171216 -0.21086566092171216 -0.21086566092171216 -0.21086566092171216 17
-29.597056656574278 -0.21086566092171216 -0.21086566092171216 -0.21086566092171216 -0.21086566092171216 -0.21086566092171216 17
-29.097056656574278 -0.21086566092171216 -0.21086566092171216 -0.21086566092171216 -0.21086566092171216 -0.21086566092171216 17
-28.597056656574278 -0.21086566092171216 -0.21086566092171216 -0.21086566092171216 -0.21086566092171216 -0.21086566092171216 17
-28.097056656574278 -0.21086566092171216 -0.21086566092171216 -0.21086566092171216 -0.21086566092171216 -0.21086566092171216 17
-27.597056656574278 -0.21086566092171216 -0.21086566092171216 -0.21086566092171216 -0.21086566092171216 -0.21086566092171216 17
-27.097056656574278 -0.21086566092171216 -0.21086566092171216 -0.21086566092171216 -0.21086566092171216 -0.21086566092171216 17
-26.597056656574278 -0.21086566092171216 -0.21086566092171216 -0.21086566092171216 -0.21086566092171216 -0.21086566092171216 17
-26.097056656574278 -0.21086566092171216 -0.21086566092171216 -0.21086566092171216 -0.21086566092171216 -0.21086566092171216 17
-25.597056656574278 -0.21086566092171216 -0.21086566092171216 -0.21086566092171216 -0.21086566092171216 -0.21086566092171216 17
-25.097056656574278 -0.21086566092171216 -0.21086566092171216 -0.21086566092171216 -0.21086566092171216 -0.21086566092171216 17
-24.597056656574278 -0.21086566092171216 -0.21086566092171216 -0.21086566092171216 -0.21086566092171216 -0.21086566092171216 17
-24.097056656574278 -0.21086566092171216 -0.21086566092171216 -0.21086566092171216 -0.21086566092171216 -0.21086566092171216 17
-23.597056656574278 -0.21086566092171216 -0.21086566092171216 -0.21086566092171216 -0.21086566092171216 -0.21086566092171216 17
-23.097056656574278 -0.21086566092171216 -0.21086566092171216 -0.21086566092171216 -0.21086566092171216 -0.21086566092171216 17
-22.597056656574278 -0.21086566092171216 -0.21086566092171216 -0.21086566092171216 -0.21086566092171216 -0.21086566092171216 17
-22.097056656574278 -0.21086566092171216 -0.21086566092171216 -0.21086566092171216 -0.21086566092171216 -0.21086566092171216 17
-21.597056656574278 -0.21086566092171216 -0.21086566092171216 -0.21086566092171216 -0.21086566092171216 -0.21086566092171216 17
-21.097056656574278 -0.21086566092171216 -0.21086566092171216 -0.21086566092171216 -0.21086566092171216 -0.21086566092171216 17
-20.597056656574278 -0.21086566092171216 -0.21086566092171216 -0.21086566092171216 -0.21086566092171216 -0.21086566092171216 17
-20.097056656574278 -0.21086566092171216 -0.21086566092171216 -0.21086566092171216 -0.21086566092171216 -0.21086566092171216 17
-19.597056656574278 -0.21086566092171216 -0.21086566092171216 -0.21086566092171216 -0.21086566092171216 -0.21086566092171216 17
-19.097056656574278 -0.21086566092171216 -0.21086566092171216 -0.21086566092171216 -0.21086566092171216 -0.21086566092171216 17
-18.597056656574278 -0.21086566092171216 -0.21086566092171216 -0.21086566092171216 -0.21086566092171216 -0.21086566092171216 17
-18.097056656574278 -0.21086566092171216 -5.0170456349056 -0.21086566092171216 -0.21086566092171216 -0.21086566092171216     17
-17.597056656574278 -0.21086566092171216 -0.21086566092171216 -0.21086566092171216 -0.21086566092171216 -0.21086566092171216 17
-17.097056656574278 -0.21086566092171216 -0.21086566092171216 -0.21086566092171216 -0.21086566092171216 -0.21086566092171216 17
-16.597056656574278 -0.21086566092171216 -0.21086566092171216 -0.21086566092171216 -0.21086566092171216 -0.21086566092171216 17
-16.097056656574278 -5.0170456349056 -0.21086566092171216 -0.21086566092171216 -0.21086566092171216 -0.21086566092171216     17
-15.597056656574278 -5.0170456349056 -5.0170456349056 -5.0170456349056 -0.21086566092171216 -5.0170456349056                 17
-15.097056656574278 -4.716015639241618 -4.414985643577637 -0.21086566092171216 -0.21086566092171216 -5.0170456349056         17
-14.597056656574278 -5.0170456349056 -5.0170456349056 -5.0170456349056 -0.21086566092171216 -4.716015639241618               17
-14.097056656574278 -5.0170456349056 -5.0170456349056 -0.21086566092171216 -0.21086566092171216 -5.0170456349056             17
-13.597056656574278 -5.0170456349056 -4.716015639241618 -0.21086566092171216 -0.21086566092171216 -4.716015639241618         17
-13.097056656574278 -5.0170456349056 -0.21086566092171216 -0.21086566092171216 -0.21086566092171216 -5.0170456349056         17
-12.597056656574278 -0.21086566092171216 -0.21086566092171216 -0.21086566092171216 -0.21086566092171216 -0.21086566092171216 17
-12.097056656574278 -0.21086566092171216 -0.21086566092171216 -5.0170456349056 -0.21086566092171216 -0.21086566092171216     17
-11.597056656574278 -0.21086566092171216 -0.21086566092171216 -0.21086566092171216 -0.21086566092171216 -0.21086566092171216 17
-11.097056656574278 -0.21086566092171216 -0.21086566092171216 -0.21086566092171216 -0.21086566092171216 -0.21086566092171216 17
