#UV LF at redshift: 6.0
#rest_Frame_mag num_Density_dust num_density_nodust num_Density_dust_diskins num_Density_dust_mergers num_Density_dust_disks
-30.597056656574278 -0.20585761906303907 -0.20585761906303907 -0.20585761906303907 -0.20585761906303907 -0.20585761906303907 6
-30.097056656574278 -0.20585761906303907 -0.20585761906303907 -0.20585761906303907 -0.20585761906303907 -0.20585761906303907 6
-29.597056656574278 -0.20585761906303907 -0.20585761906303907 -0.20585761906303907 -0.20585761906303907 -0.20585761906303907 6
-29.097056656574278 -0.20585761906303907 -0.20585761906303907 -0.20585761906303907 -0.20585761906303907 -0.20585761906303907 6
-28.597056656574278 -0.20585761906303907 -0.20585761906303907 -0.20585761906303907 -0.20585761906303907 -0.20585761906303907 6
-28.097056656574278 -0.20585761906303907 -0.20585761906303907 -0.20585761906303907 -0.20585761906303907 -0.20585761906303907 6
-27.597056656574278 -0.20585761906303907 -0.20585761906303907 -0.20585761906303907 -0.20585761906303907 -0.20585761906303907 6
-27.097056656574278 -0.20585761906303907 -0.20585761906303907 -0.20585761906303907 -0.20585761906303907 -0.20585761906303907 6
-26.597056656574278 -0.20585761906303907 -0.20585761906303907 -0.20585761906303907 -0.20585761906303907 -0.20585761906303907 6
-26.097056656574278 -0.20585761906303907 -0.20585761906303907 -0.20585761906303907 -0.20585761906303907 -0.20585761906303907 6
-25.597056656574278 -0.20585761906303907 -0.20585761906303907 -0.20585761906303907 -0.20585761906303907 -0.20585761906303907 6
-25.097056656574278 -0.20585761906303907 -0.20585761906303907 -0.20585761906303907 -0.20585761906303907 -0.20585761906303907 6
-24.597056656574278 -0.20585761906303907 -0.20585761906303907 -0.20585761906303907 -0.20585761906303907 -0.20585761906303907 6
-24.097056656574278 -0.20585761906303907 -0.20585761906303907 -0.20585761906303907 -0.20585761906303907 -0.20585761906303907 6
-23.597056656574278 -0.20585761906303907 -0.20585761906303907 -0.20585761906303907 -0.20585761906303907 -0.20585761906303907 6
-23.097056656574278 -0.20585761906303907 -0.20585761906303907 -0.20585761906303907 -0.20585761906303907 -0.20585761906303907 6
-22.597056656574278 -0.20585761906303907 -6.36172790671169 -0.20585761906303907 -0.20585761906303907 -0.20585761906303907 6
-22.097056656574278 -6.458637919719746 -5.583576656328046 -0.20585761906303907 -0.20585761906303907 -6.759667915383727 6
-21.597056656574278 -5.662757902375671 -4.8538720350158595 -0.20585761906303907 -7.060697911047709 -5.662757902375671 6
-21.097056656574278 -4.927159002677492 -4.254517937063822 -6.583576656328046 -6.060697911047709 -5.035392045782938 6
-20.597056656574278 -4.301786018649735 -3.7368273045072 -5.718275230225503 -5.759667915383727 -4.422208654093071 6
-20.097056656574278 -3.816668322017687 -3.2783686420508715 -5.234623108346883 -5.082974305758861 -3.9928833998858684 6
-19.597056656574278 -3.336176283929146 -2.851102479046853 -4.558270791063276 -4.48666664331999 -3.5718652766653083 6
-19.097056656574278 -2.8627560745577023 -2.4905520884886077 -4.012644737932099 -4.0672616805500965 -3.140678995018794 6
-18.597056656574278 -2.532501348652297 -2.316749370013886 -3.5981501822450443 -3.6188457352744168 -2.785501769262085 6
-18.097056656574278 -2.320374704664715 -2.2065619759199455 -3.270201634080599 -3.2660704663832005 -2.521609260572675 6
-17.597056656574278 -2.1545137669868373 -2.088323796256863 -3.058013598057979 -2.9922522926933572 -2.297696933992242 6
-17.097056656574278 -2.0102640163732 -1.9593598987020746 -2.8966426191542567 -2.7791645971903325 -2.107421574380404 6
-16.597056656574278 -1.8779153199832272 -1.829549572648089 -2.7596896306507084 -2.6433757139479797 -1.9275104124065425 6
-16.097056656574278 -1.7490224419242706 -1.695657554958558 -2.6164500752516338 -2.553868293813151 -1.7630074178011528 6
-15.597056656574278 -1.6212404741739697 -1.5663721385212934 -2.4925196629926063 -2.4916518946018087 -1.6178498534076073 6
-15.097056656574278 -1.4924375025022911 -1.433143627920347 -2.3908698497151875 -2.447967020299367 -1.4873725108783207 6
-14.597056656574278 -1.356227370167205 -1.2892691860967007 -2.3141415496373394 -2.416535151682444 -1.3542464183450988 6
-14.097056656574278 -1.215390219452571 -1.1445061975948727 -2.260434605121353 -2.390145932601201 -1.2131073623025026 6
-13.597056656574278 -1.2299905813529506 -1.1944832558974738 -2.2108241693235327 -2.367525172927973 -1.2213726163792185 6
-13.097056656574278 -1.6347042075606337 -1.804454155709787 -2.175070993133568 -2.330545738532874 -1.6151170575674927 6
-12.597056656574278 -1.9787927887881116 -2.6116517071438548 -2.1419705353086975 -2.296955542188992 -1.9482001559593893 6
-12.097056656574278 -2.1779514444223995 -3.316326683715848 -2.116758446575492 -2.2907448618194213 -2.1379153810662546 6
-11.597056656574278 -2.311116176182149 -3.6116825946999223 -2.1374901715147105 -2.3313711014008476 -2.2610265965500327 6
-11.097056656574278 -2.425435389054128 -3.7405516249366544 -2.1577165112502055 -2.4034794673479523 -2.363922285391559 6
#UV LF at redshift: 8.0
#rest_Frame_mag num_Density_dust num_density_nodust num_Density_dust_diskins num_Density_dust_mergers num_Density_dust_disks
-30.597056656574278 -0.20585761906303907 -0.20585761906303907 -0.20585761906303907 -0.20585761906303907 -0.20585761906303907 8
-30.097056656574278 -0.20585761906303907 -0.20585761906303907 -0.20585761906303907 -0.20585761906303907 -0.20585761906303907 8
-29.597056656574278 -0.20585761906303907 -0.20585761906303907 -0.20585761906303907 -0.20585761906303907 -0.20585761906303907 8
-29.097056656574278 -0.20585761906303907 -0.20585761906303907 -0.20585761906303907 -0.20585761906303907 -0.20585761906303907 8
-28.597056656574278 -0.20585761906303907 -0.20585761906303907 -0.20585761906303907 -0.20585761906303907 -0.20585761906303907 8
-28.097056656574278 -0.20585761906303907 -0.20585761906303907 -0.20585761906303907 -0.20585761906303907 -0.20585761906303907 8
-27.597056656574278 -0.20585761906303907 -0.20585761906303907 -0.20585761906303907 -0.20585761906303907 -0.20585761906303907 8
-27.097056656574278 -0.20585761906303907 -0.20585761906303907 -0.20585761906303907 -0.20585761906303907 -0.20585761906303907 8
-26.597056656574278 -0.20585761906303907 -0.20585761906303907 -0.20585761906303907 -0.20585761906303907 -0.20585761906303907 8
-26.097056656574278 -0.20585761906303907 -0.20585761906303907 -0.20585761906303907 -0.20585761906303907 -0.20585761906303907 8
-25.597056656574278 -0.20585761906303907 -0.20585761906303907 -0.20585761906303907 -0.20585761906303907 -0.20585761906303907 8
-25.097056656574278 -0.20585761906303907 -0.20585761906303907 -0.20585761906303907 -0.20585761906303907 -0.20585761906303907 8
-24.597056656574278 -0.20585761906303907 -0.20585761906303907 -0.20585761906303907 -0.20585761906303907 -0.20585761906303907 8
-24.097056656574278 -0.20585761906303907 -0.20585761906303907 -0.20585761906303907 -0.20585761906303907 -0.20585761906303907 8
-23.597056656574278 -0.20585761906303907 -0.20585761906303907 -0.20585761906303907 -0.20585761906303907 -0.20585761906303907 8
-23.097056656574278 -0.20585761906303907 -0.20585761906303907 -0.20585761906303907 -0.20585761906303907 -0.20585761906303907 8
-22.597056656574278 -0.20585761906303907 -0.20585761906303907 -0.20585761906303907 -0.20585761906303907 -0.20585761906303907 8
-22.097056656574278 -0.20585761906303907 -6.96614180343313 -0.20585761906303907 -0.20585761906303907 -0.20585761906303907 8
-21.597056656574278 -6.364081812105168 -5.820013767754892 -7.267171799097111 -0.20585761906303907 -6.665111807769149 8
-21.097056656574278 -5.710869298329824 -5.029125695968316 -7.267171799097111 -6.96614180343313 -5.905443963079518 8
-20.597056656574278 -5.074047200742649 -4.248471300430868 -6.489020548713468 -6.312929289657786 -5.312929289657786 8
-20.097056656574278 -4.276832944309509 -3.550500823536976 -5.481841964086344 -5.322689126946942 -4.735692882054856 8
-19.597056656574278 -3.6755507608837923 -3.1378042033741256 -4.710869298329824 -4.708463228563946 -4.202339579358537 8
-19.097056656574278 -3.2501802208909067 -2.9048212915022633 -4.208745774640106 -4.146268981482584 -3.7408325217072673 8
-18.597056656574278 -2.9259351758584193 -2.727405895913999 -3.791645884057831 -3.7527568785167422 -3.363593505434057 8
-18.097056656574278 -2.658442571801534 -2.5441596786678744 -3.465425179877651 -3.4136561023401826 -3.0182916330728258 8
-17.597056656574278 -2.4517866705460607 -2.374215031675398 -3.19272108014252 -3.1551032948289146 -2.7242095100577304 8
-17.097056656574278 -2.271440105336426 -2.209114170046118 -2.981277086616272 -2.95626616972097 -2.46798983054631 8
-16.597056656574278 -2.1070725902850205 -2.043042919379113 -2.8061687766430117 -2.812967424061596 -2.2363778415875837 8
-16.097056656574278 -1.947069152423099 -1.8813618301851704 -2.650119010118906 -2.7133009037534492 -2.015767211621734 8
-15.597056656574278 -1.7881380751487335 -1.719597678268638 -2.5087595570027483 -2.6432096103423817 -1.8129048589087287 8
-15.097056656574278 -1.6385264555450822 -1.5701648929959884 -2.3914162198390567 -2.6100968147459005 -1.6438129148733696 8
-14.597056656574278 -1.5898605592401838 -1.5499333094323111 -2.2928167200923193 -2.591567576608658 -1.5638262450460667 8
-14.097056656574278 -1.8943278900066662 -2.012662392110987 -2.214270184051724 -2.5813047152294457 -1.7930546470836335 8
-13.597056656574278 -2.338202728811801 -2.945552658849836 -2.169296987619969 -2.5635967172695144 -2.242739497892784 8
-13.097056656574278 -2.595786028351932 -3.810502169673354 -2.3577388017280683 -2.554488432535819 -2.4840761299811467 8
-12.597056656574278 -2.7469110386012163 -4.193453448750988 -2.4051776498845285 -2.5375454117874225 -2.626173888730529 8
-12.097056656574278 -2.8740003702602213 -4.386930023201631 -2.432395157990981 -2.517984494243386 -2.7388336867722725 8
-11.597056656574278 -2.9932450189965856 -4.543716127061925 -2.4821624634930535 -2.500238705259828 -2.8358562925615862 8
-11.097056656574278 -3.109080825911552 -4.68284057472958 -2.563605311629222 -2.481166129955432 -2.9286157080876665 8
#UV LF at redshift: 10.0
#rest_Frame_mag num_Density_dust num_density_nodust num_Density_dust_diskins num_Density_dust_mergers num_Density_dust_disks
-30.597056656574278 -0.20585761906303907 -0.20585761906303907 -0.20585761906303907 -0.20585761906303907 -0.20585761906303907 10
-30.097056656574278 -0.20585761906303907 -0.20585761906303907 -0.20585761906303907 -0.20585761906303907 -0.20585761906303907 10
-29.597056656574278 -0.20585761906303907 -0.20585761906303907 -0.20585761906303907 -0.20585761906303907 -0.20585761906303907 10
-29.097056656574278 -0.20585761906303907 -0.20585761906303907 -0.20585761906303907 -0.20585761906303907 -0.20585761906303907 10
-28.597056656574278 -0.20585761906303907 -0.20585761906303907 -0.20585761906303907 -0.20585761906303907 -0.20585761906303907 10
-28.097056656574278 -0.20585761906303907 -0.20585761906303907 -0.20585761906303907 -0.20585761906303907 -0.20585761906303907 10
-27.597056656574278 -0.20585761906303907 -0.20585761906303907 -0.20585761906303907 -0.20585761906303907 -0.20585761906303907 10
-27.097056656574278 -0.20585761906303907 -0.20585761906303907 -0.20585761906303907 -0.20585761906303907 -0.20585761906303907 10
-26.597056656574278 -0.20585761906303907 -0.20585761906303907 -0.20585761906303907 -0.20585761906303907 -0.20585761906303907 10
-26.097056656574278 -0.20585761906303907 -0.20585761906303907 -0.20585761906303907 -0.20585761906303907 -0.20585761906303907 10
-25.597056656574278 -0.20585761906303907 -0.20585761906303907 -0.20585761906303907 -0.20585761906303907 -0.20585761906303907 10
-25.097056656574278 -0.20585761906303907 -0.20585761906303907 -0.20585761906303907 -0.20585761906303907 -0.20585761906303907 10
-24.597056656574278 -0.20585761906303907 -0.20585761906303907 -0.20585761906303907 -0.20585761906303907 -0.20585761906303907 10
-24.097056656574278 -0.20585761906303907 -0.20585761906303907 -0.20585761906303907 -0.20585761906303907 -0.20585761906303907 10
-23.597056656574278 -0.20585761906303907 -0.20585761906303907 -0.20585761906303907 -0.20585761906303907 -0.20585761906303907 10
-23.097056656574278 -0.20585761906303907 -0.20585761906303907 -0.20585761906303907 -0.20585761906303907 -0.20585761906303907 10
-22.597056656574278 -0.20585761906303907 -0.20585761906303907 -0.20585761906303907 -0.20585761906303907 -0.20585761906303907 10
-22.097056656574278 -0.20585761906303907 -0.20585761906303907 -0.20585761906303907 -0.20585761906303907 -0.20585761906303907 10
-21.597056656574278 -0.20585761906303907 -6.96614180343313 -0.20585761906303907 -0.20585761906303907 -0.20585761906303907 10
-21.097056656574278 -6.96614180343313 -6.011899293993805 -0.20585761906303907 -7.267171799097111 -0.20585761906303907 10
-20.597056656574278 -5.676107192070612 -4.947025512986057 -7.267171799097111 -6.665111807769149 -6.364081812105168 10
-20.097056656574278 -5.054984194693153 -4.329152701620901 -6.225779113938886 -5.869231790425074 -5.698970075030116 10
-19.597056656574278 -4.400293984759612 -3.8721950795425473 -5.447627863555242 -5.241865933832341 -5.170261786089055 10
-19.097056656574278 -3.915375492200088 -3.54191373273715 -4.869231790425074 -4.743425332285547 -4.600653818542231 10
-18.597056656574278 -3.5213166039233825 -3.300889236929648 -4.3560141903571346 -4.28174532501411 -4.166456712524029 10
-18.097056656574278 -3.2083283844283503 -3.068404778087703 -3.9650574221409105 -3.9263312492847797 -3.738769361143494 10
-17.597056656574278 -2.955439123654762 -2.8464735961883045 -3.6520638116539175 -3.6387828690468 -3.3680081576198924 10
-17.097056656574278 -2.7227812557593634 -2.6347752516473495 -3.376080572629388 -3.416525563914045 -3.044715462417865 10
-16.597056656574278 -2.5185264527002333 -2.4372443770069063 -3.1472563888391205 -3.2542080992713336 -2.7575526615203385 10
-16.097056656574278 -2.3332999917724067 -2.252210469401178 -2.9469631785388675 -3.131276223533092 -2.4965848615764603 10
-15.597056656574278 -2.1854573327962195 -2.124138252723207 -2.774425374747582 -3.0417074398898993 -2.271988681445399 10
-15.097056656574278 -2.322388186199632 -2.3907576463335385 -2.6200921585116355 -2.969214423287002 -2.2178258335077485 10
-14.597056656574278 -2.4715420074465326 -2.566719041697948 -2.5815017026068388 -2.9011786791626664 -2.234637649309146 10
-14.097056656574278 -2.999718457489437 -3.487142671759773 -2.895771413066127 -2.8366452604164705 -2.765154584269964 10
-13.597056656574278 -3.2626354812457885 -4.163368078141154 -2.964321586394802 -2.7965114475057176 -3.04695907439063 10
-13.097056656574278 -3.4256871897617183 -4.552004441248654 -2.9905951173985574 -2.7877980644569105 -3.19382009671021 10
-12.597056656574278 -3.579821229539084 -4.918866936048951 -3.0094692307204536 -2.9369204091792023 -3.3090859505760264 10
-12.097056656574278 -3.714017250927486 -5.2140933556136915 -3.1213230425065674 -3.1381912751304997 -3.4207728260624366 10
-11.597056656574278 -3.8120222779172837 -5.38635820681632 -3.29808219614219 -3.263797445077362 -3.5087898573224363 10
-11.097056656574278 -3.9279191650644116 -5.790050544377449 -3.6030000937351807 -3.412501467201776 -3.6058324590910713 10
#UV LF at redshift: 12.7
#rest_Frame_mag num_Density_dust num_density_nodust num_Density_dust_diskins num_Density_dust_mergers num_Density_dust_disks
-30.597056656574278 -0.20585761906303907 -0.20585761906303907 -0.20585761906303907 -0.20585761906303907 -0.20585761906303907 13
-30.097056656574278 -0.20585761906303907 -0.20585761906303907 -0.20585761906303907 -0.20585761906303907 -0.20585761906303907 13
-29.597056656574278 -0.20585761906303907 -0.20585761906303907 -0.20585761906303907 -0.20585761906303907 -0.20585761906303907 13
-29.097056656574278 -0.20585761906303907 -0.20585761906303907 -0.20585761906303907 -0.20585761906303907 -0.20585761906303907 13
-28.597056656574278 -0.20585761906303907 -0.20585761906303907 -0.20585761906303907 -0.20585761906303907 -0.20585761906303907 13
-28.097056656574278 -0.20585761906303907 -0.20585761906303907 -0.20585761906303907 -0.20585761906303907 -0.20585761906303907 13
-27.597056656574278 -0.20585761906303907 -0.20585761906303907 -0.20585761906303907 -0.20585761906303907 -0.20585761906303907 13
-27.097056656574278 -0.20585761906303907 -0.20585761906303907 -0.20585761906303907 -0.20585761906303907 -0.20585761906303907 13
-26.597056656574278 -0.20585761906303907 -0.20585761906303907 -0.20585761906303907 -0.20585761906303907 -0.20585761906303907 13
-26.097056656574278 -0.20585761906303907 -0.20585761906303907 -0.20585761906303907 -0.20585761906303907 -0.20585761906303907 13
-25.597056656574278 -0.20585761906303907 -0.20585761906303907 -0.20585761906303907 -0.20585761906303907 -0.20585761906303907 13
-25.097056656574278 -0.20585761906303907 -0.20585761906303907 -0.20585761906303907 -0.20585761906303907 -0.20585761906303907 13
-24.597056656574278 -0.20585761906303907 -0.20585761906303907 -0.20585761906303907 -0.20585761906303907 -0.20585761906303907 13
-24.097056656574278 -0.20585761906303907 -0.20585761906303907 -0.20585761906303907 -0.20585761906303907 -0.20585761906303907 13
-23.597056656574278 -0.20585761906303907 -0.20585761906303907 -0.20585761906303907 -0.20585761906303907 -0.20585761906303907 13
-23.097056656574278 -0.20585761906303907 -0.20585761906303907 -0.20585761906303907 -0.20585761906303907 -0.20585761906303907 13
-22.597056656574278 -0.20585761906303907 -0.20585761906303907 -0.20585761906303907 -0.20585761906303907 -0.20585761906303907 13
-22.097056656574278 -0.20585761906303907 -0.20585761906303907 -0.20585761906303907 -0.20585761906303907 -0.20585761906303907 13
-21.597056656574278 -0.20585761906303907 -0.20585761906303907 -0.20585761906303907 -0.20585761906303907 -0.20585761906303907 13
-21.097056656574278 -0.20585761906303907 -6.96614180343313 -0.20585761906303907 -0.20585761906303907 -0.20585761906303907 13
-20.597056656574278 -0.20585761906303907 -6.4220737590828545 -0.20585761906303907 -0.20585761906303907 -0.20585761906303907 13
-20.097056656574278 -6.364081812105168 -5.723103754746836 -0.20585761906303907 -0.20585761906303907 -0.20585761906303907 13
-19.597056656574278 -5.559601622999175 -5.034175688704957 -6.4220737590828545 -6.790050544377449 -6.267171799097111 13
-19.097056656574278 -4.993013949833431 -4.635728030083939 -6.011899293993805 -5.790050544377449 -6.011899293993805 13
-18.597056656574278 -4.509775770304087 -4.265005737340603 -5.364081812105168 -5.322689126946942 -5.38635820681632 13
-18.097056656574278 -4.1518942077012095 -3.9735882856009948 -4.852198451126293 -4.870972452001375 -4.858931833785261 13
-17.597056656574278 -3.816460920950192 -3.6755507608837923 -4.5059959859413805 -4.561308086813192 -4.376750780296197 13
-17.097056656574278 -3.545773423575606 -3.426375900250018 -4.1647380934157745 -4.288534850712637 -4.005908930304618 13
-16.597056656574278 -3.303242377070553 -3.2161737199237272 -3.8860567183872607 -4.1049061847990895 -3.642992873349089 13
-16.097056656574278 -3.191004859752179 -3.14130033167943 -3.634512085803198 -3.902433244041713 -3.409357021126105 13
-15.597056656574278 -3.437675049376929 -3.6441293648507296 -3.4856318304911698 -3.7658386204515453 -3.3681177310989407 13
-15.097056656574278 -3.3197380772100606 -3.3204739618513694 -3.702032647127322 -3.6465153192774906 -3.058408066435475 13
-14.597056656574278 -3.7523585040978262 -3.9151823436614794 -4.028373236383194 -3.6371509479837014 -3.41658682274508 13
-14.097056656574278 -4.148246046271335 -4.620768072874042 -4.037489956779435 -3.9435072634890114 -3.8996295255765347 13
-13.597056656574278 -4.362997430812948 -5.143320158130026 -3.9807153293501285 -4.226569458983038 -4.087045923933058 13
-13.097056656574278 -4.496319787454967 -5.542895929496322 -3.9997653803442073 -4.431481227604686 -4.2064739587435 13
-12.597056656574278 -4.6266903621266895 -5.775810105262838 -4.082196608398851 -4.5950739411613934 -4.337242239012523 13
-12.097056656574278 -4.76611253687936 -6.1532284467902745 -4.334190977173913 -4.7688612453075105 -4.460991825113224 13
-11.597056656574278 -4.869231790425074 -6.665111807769149 -4.625697688593013 -4.867498077616073 -4.538007009404341 13
-11.097056656574278 -4.926727684256993 -6.96614180343313 -4.7744114100702735 -5.026622550814512 -4.622733209629272 13
#UV LF at redshift: 15.0
#rest_Frame_mag num_Density_dust num_density_nodust num_Density_dust_diskins num_Density_dust_mergers num_Density_dust_disks
-30.597056656574278 -0.20585761906303907 -0.20585761906303907 -0.20585761906303907 -0.20585761906303907 -0.20585761906303907 15
-30.097056656574278 -0.20585761906303907 -0.20585761906303907 -0.20585761906303907 -0.20585761906303907 -0.20585761906303907 15
-29.597056656574278 -0.20585761906303907 -0.20585761906303907 -0.20585761906303907 -0.20585761906303907 -0.20585761906303907 15
-29.097056656574278 -0.20585761906303907 -0.20585761906303907 -0.20585761906303907 -0.20585761906303907 -0.20585761906303907 15
-28.597056656574278 -0.20585761906303907 -0.20585761906303907 -0.20585761906303907 -0.20585761906303907 -0.20585761906303907 15
-28.097056656574278 -0.20585761906303907 -0.20585761906303907 -0.20585761906303907 -0.20585761906303907 -0.20585761906303907 15
-27.597056656574278 -0.20585761906303907 -0.20585761906303907 -0.20585761906303907 -0.20585761906303907 -0.20585761906303907 15
-27.097056656574278 -0.20585761906303907 -0.20585761906303907 -0.20585761906303907 -0.20585761906303907 -0.20585761906303907 15
-26.597056656574278 -0.20585761906303907 -0.20585761906303907 -0.20585761906303907 -0.20585761906303907 -0.20585761906303907 15
-26.097056656574278 -0.20585761906303907 -0.20585761906303907 -0.20585761906303907 -0.20585761906303907 -0.20585761906303907 15
-25.597056656574278 -0.20585761906303907 -0.20585761906303907 -0.20585761906303907 -0.20585761906303907 -0.20585761906303907 15
-25.097056656574278 -0.20585761906303907 -0.20585761906303907 -0.20585761906303907 -0.20585761906303907 -0.20585761906303907 15
-24.597056656574278 -0.20585761906303907 -0.20585761906303907 -0.20585761906303907 -0.20585761906303907 -0.20585761906303907 15
-24.097056656574278 -0.20585761906303907 -0.20585761906303907 -0.20585761906303907 -0.20585761906303907 -0.20585761906303907 15
-23.597056656574278 -0.20585761906303907 -0.20585761906303907 -0.20585761906303907 -0.20585761906303907 -0.20585761906303907 15
-23.097056656574278 -0.20585761906303907 -0.20585761906303907 -0.20585761906303907 -0.20585761906303907 -0.20585761906303907 15
-22.597056656574278 -0.20585761906303907 -0.20585761906303907 -0.20585761906303907 -0.20585761906303907 -0.20585761906303907 15
-22.097056656574278 -0.20585761906303907 -0.20585761906303907 -0.20585761906303907 -0.20585761906303907 -0.20585761906303907 15
-21.597056656574278 -0.20585761906303907 -0.20585761906303907 -0.20585761906303907 -0.20585761906303907 -0.20585761906303907 15
-21.097056656574278 -0.20585761906303907 -0.20585761906303907 -0.20585761906303907 -0.20585761906303907 -0.20585761906303907 15
-20.597056656574278 -0.20585761906303907 -0.20585761906303907 -0.20585761906303907 -0.20585761906303907 -0.20585761906303907 15
-20.097056656574278 -0.20585761906303907 -0.20585761906303907 -0.20585761906303907 -0.20585761906303907 -0.20585761906303907 15
-19.597056656574278 -0.20585761906303907 -6.790050544377449 -0.20585761906303907 -0.20585761906303907 -0.20585761906303907 15
-19.097056656574278 -6.568201794761093 -6.312929289657786 -0.20585761906303907 -7.267171799097111 -7.267171799097111 15
-18.597056656574278 -5.924749118274905 -5.604413967415537 -6.790050544377449 -0.20585761906303907 -6.790050544377449 15
-18.097056656574278 -5.358686780218462 -5.130451231940705 -6.225779113938886 -6.489020548713468 -6.225779113938886 15
-17.597056656574278 -4.968318722687405 -4.840660537732536 -5.687388202480301 -5.944952504363192 -5.790050544377449 15
-17.097056656574278 -4.657577389871891 -4.557054433985295 -5.2179537764269295 -5.518983772090911 -5.1336328907268935 15
-16.597056656574278 -4.51205953270204 -4.440449278928119 -4.916923780762948 -5.170261786089055 -4.848870507777367 15
-16.097056656574278 -4.547012495691154 -4.55536457005592 -4.773017205078668 -4.990709994923867 -4.693140531369393 15
-15.597056656574278 -4.820013767754892 -5.019198532735305 -4.850531291758831 -4.894259796127004 -4.60535911355985 15
-15.097056656574278 -4.436583130411967 -4.39970431123806 -5.467831249643529 -5.024133750410817 -4.21064807501801 15
-14.597056656574278 -5.049687854883205 -5.221848820310454 -5.526809109602867 -5.542895929496322 -4.767484716478707 15
-14.097056656574278 -5.289448193808264 -5.633703343517524 -5.51129694342462 -5.7486578592192235 -5.143320158130026 15
-13.597056656574278 -5.576975719068598 -6.312929289657786 -5.303383971751556 -5.835808034938124 -5.312929289657786 15
-13.097056656574278 -5.723103754746836 -6.568201794761093 -5.294043945497413 -6.225779113938886 -5.51129694342462 15
-12.597056656574278 -5.790050544377449 -6.790050544377449 -5.460991825113224 -6.225779113938886 -5.585930561721524 15
-12.097056656574278 -6.036722877718837 -0.20585761906303907 -5.665111807769149 -6.225779113938886 -5.7486578592192235 15
-11.597056656574278 -6.267171799097111 -0.20585761906303907 -6.011899293993805 -6.568201794761093 -5.944952504363192 15
-11.097056656574278 -6.09108054004143 -0.20585761906303907 -6.063051816441186 -6.4220737590828545 -5.835808034938124 15
#UV LF at redshift: 17.0
#rest_Frame_mag num_Density_dust num_density_nodust num_Density_dust_diskins num_Density_dust_mergers num_Density_dust_disks
-30.597056656574278 -0.20585761906303907 -0.20585761906303907 -0.20585761906303907 -0.20585761906303907 -0.20585761906303907 17
-30.097056656574278 -0.20585761906303907 -0.20585761906303907 -0.20585761906303907 -0.20585761906303907 -0.20585761906303907 17
-29.597056656574278 -0.20585761906303907 -0.20585761906303907 -0.20585761906303907 -0.20585761906303907 -0.20585761906303907 17
-29.097056656574278 -0.20585761906303907 -0.20585761906303907 -0.20585761906303907 -0.20585761906303907 -0.20585761906303907 17
-28.597056656574278 -0.20585761906303907 -0.20585761906303907 -0.20585761906303907 -0.20585761906303907 -0.20585761906303907 17
-28.097056656574278 -0.20585761906303907 -0.20585761906303907 -0.20585761906303907 -0.20585761906303907 -0.20585761906303907 17
-27.597056656574278 -0.20585761906303907 -0.20585761906303907 -0.20585761906303907 -0.20585761906303907 -0.20585761906303907 17
-27.097056656574278 -0.20585761906303907 -0.20585761906303907 -0.20585761906303907 -0.20585761906303907 -0.20585761906303907 17
-26.597056656574278 -0.20585761906303907 -0.20585761906303907 -0.20585761906303907 -0.20585761906303907 -0.20585761906303907 17
-26.097056656574278 -0.20585761906303907 -0.20585761906303907 -0.20585761906303907 -0.20585761906303907 -0.20585761906303907 17
-25.597056656574278 -0.20585761906303907 -0.20585761906303907 -0.20585761906303907 -0.20585761906303907 -0.20585761906303907 17
-25.097056656574278 -0.20585761906303907 -0.20585761906303907 -0.20585761906303907 -0.20585761906303907 -0.20585761906303907 17
-24.597056656574278 -0.20585761906303907 -0.20585761906303907 -0.20585761906303907 -0.20585761906303907 -0.20585761906303907 17
-24.097056656574278 -0.20585761906303907 -0.20585761906303907 -0.20585761906303907 -0.20585761906303907 -0.20585761906303907 17
-23.597056656574278 -0.20585761906303907 -0.20585761906303907 -0.20585761906303907 -0.20585761906303907 -0.20585761906303907 17
-23.097056656574278 -0.20585761906303907 -0.20585761906303907 -0.20585761906303907 -0.20585761906303907 -0.20585761906303907 17
-22.597056656574278 -0.20585761906303907 -0.20585761906303907 -0.20585761906303907 -0.20585761906303907 -0.20585761906303907 17
-22.097056656574278 -0.20585761906303907 -0.20585761906303907 -0.20585761906303907 -0.20585761906303907 -0.20585761906303907 17
-21.597056656574278 -0.20585761906303907 -0.20585761906303907 -0.20585761906303907 -0.20585761906303907 -0.20585761906303907 17
-21.097056656574278 -0.20585761906303907 -0.20585761906303907 -0.20585761906303907 -0.20585761906303907 -0.20585761906303907 17
-20.597056656574278 -0.20585761906303907 -0.20585761906303907 -0.20585761906303907 -0.20585761906303907 -0.20585761906303907 17
-20.097056656574278 -0.20585761906303907 -0.20585761906303907 -0.20585761906303907 -0.20585761906303907 -0.20585761906303907 17
-19.597056656574278 -0.20585761906303907 -0.20585761906303907 -0.20585761906303907 -0.20585761906303907 -0.20585761906303907 17
-19.097056656574278 -0.20585761906303907 -0.20585761906303907 -0.20585761906303907 -0.20585761906303907 -0.20585761906303907 17
-18.597056656574278 -0.20585761906303907 -6.977723675982945 -0.20585761906303907 -0.20585761906303907 -0.20585761906303907 17
-18.097056656574278 -6.43365563163267 -6.324511162207601 -0.20585761906303907 -0.20585761906303907 -0.20585761906303907 17
-17.597056656574278 -6.2787536716469265 -6.048304750268652 -6.43365563163267 -0.20585761906303907 -6.676693680318964 17
-17.097056656574278 -5.676693680318964 -5.562750328012127 -6.43365563163267 -7.2787536716469265 -6.132625635968688 17
-16.597056656574278 -5.665969814927191 -5.6452852160673395 -6.048304750268652 -6.199572425599301 -5.956534376913007 17
-16.097056656574278 -5.77360369332702 -5.747274754604671 -6.000000070694098 -6.132625635968688 -5.880813662974889 17
-15.597056656574278 -5.81635567374797 -6.0746336889910015 -6.0746336889910015 -6.2787536716469265 -5.722451170879639 17
-15.097056656574278 -5.554477802046137 -5.421421175215658 -6.977723675982945 -6.500602421263283 -5.283118477049376 17
-14.597056656574278 -6.102662412591245 -6.2787536716469265 -6.801632416927264 -6.977723675982945 -6.000000070694098 17
-14.097056656574278 -6.500602421263283 -6.801632416927264 -6.801632416927264 -0.20585761906303907 -6.500602421263283 17
-13.597056656574278 -6.801632416927264 -0.20585761906303907 -6.801632416927264 -0.20585761906303907 -6.375663684654983 17
-13.097056656574278 -6.500602421263283 -7.2787536716469265 -6.2787536716469265 -7.2787536716469265 -6.500602421263283 17
-12.597056656574278 -7.2787536716469265 -0.20585761906303907 -6.801632416927264 -0.20585761906303907 -6.977723675982945 17
-12.097056656574278 -6.801632416927264 -0.20585761906303907 -6.676693680318964 -0.20585761906303907 -6.801632416927264 17
-11.597056656574278 -6.977723675982945 -0.20585761906303907 -6.801632416927264 -6.977723675982945 -6.977723675982945 17
-11.097056656574278 -6.977723675982945 -0.20585761906303907 -0.20585761906303907 -0.20585761906303907 -6.977723675982945 17
