#UV LF at redshift: 6.0
#rest_Frame_mag num_Density_dust num_density_nodust num_Density_dust_diskins num_Density_dust_mergers num_Density_dust_disks
-30.597056656574278 -0.21086566092171216 -0.21086566092171216 -0.21086566092171216 -0.21086566092171216 -0.21086566092171216 6
-30.097056656574278 -0.21086566092171216 -0.21086566092171216 -0.21086566092171216 -0.21086566092171216 -0.21086566092171216 6
-29.597056656574278 -0.21086566092171216 -0.21086566092171216 -0.21086566092171216 -0.21086566092171216 -0.21086566092171216 6
-29.097056656574278 -0.21086566092171216 -0.21086566092171216 -0.21086566092171216 -0.21086566092171216 -0.21086566092171216 6
-28.597056656574278 -0.21086566092171216 -0.21086566092171216 -0.21086566092171216 -0.21086566092171216 -0.21086566092171216 6
-28.097056656574278 -0.21086566092171216 -0.21086566092171216 -0.21086566092171216 -0.21086566092171216 -0.21086566092171216 6
-27.597056656574278 -0.21086566092171216 -0.21086566092171216 -0.21086566092171216 -0.21086566092171216 -0.21086566092171216 6
-27.097056656574278 -0.21086566092171216 -0.21086566092171216 -0.21086566092171216 -0.21086566092171216 -0.21086566092171216 6
-26.597056656574278 -0.21086566092171216 -0.21086566092171216 -0.21086566092171216 -0.21086566092171216 -0.21086566092171216 6
-26.097056656574278 -0.21086566092171216 -0.21086566092171216 -0.21086566092171216 -0.21086566092171216 -0.21086566092171216 6
-25.597056656574278 -0.21086566092171216 -0.21086566092171216 -0.21086566092171216 -0.21086566092171216 -0.21086566092171216 6
-25.097056656574278 -0.21086566092171216 -0.21086566092171216 -0.21086566092171216 -0.21086566092171216 -0.21086566092171216 6
-24.597056656574278 -0.21086566092171216 -0.21086566092171216 -0.21086566092171216 -0.21086566092171216 -0.21086566092171216 6
-24.097056656574278 -0.21086566092171216 -0.21086566092171216 -0.21086566092171216 -0.21086566092171216 -0.21086566092171216 6
-23.597056656574278 -0.21086566092171216 -0.21086566092171216 -0.21086566092171216 -0.21086566092171216 -0.21086566092171216 6
-23.097056656574278 -0.21086566092171216 -5.0170456349056 -0.21086566092171216 -0.21086566092171216 -0.21086566092171216     6
-22.597056656574278 -0.21086566092171216 -5.0170456349056 -0.21086566092171216 -0.21086566092171216 -0.21086566092171216     6
-22.097056656574278 -0.21086566092171216 -4.414985643577637 -0.21086566092171216 -0.21086566092171216 -0.21086566092171216   6
-21.597056656574278 -5.0170456349056 -4.171947594891343 -0.21086566092171216 -0.21086566092171216 -5.0170456349056           6
-21.097056656574278 -0.21086566092171216 -3.7865967135273255 -0.21086566092171216 -0.21086566092171216 -0.21086566092171216  6
-20.597056656574278 -4.062803125466274 -3.539924380185937 -0.21086566092171216 -0.21086566092171216 -4.062803125466274       6
-20.097056656574278 -3.56988760356338 -3.147813915174623 -0.21086566092171216 -5.0170456349056 -3.6020722869347814           6
-19.597056656574278 -3.0876267091913063 -2.849728300157423 -0.21086566092171216 -0.21086566092171216 -3.0927663488437176     6
-19.097056656574278 -2.8048580305016415 -2.6088056695937496 -0.21086566092171216 -0.21086566092171216 -2.8075306203629684    6
-18.597056656574278 -2.592163998274532 -2.5146185149211666 -0.21086566092171216 -4.539924380185937 -2.5954417080357683       6
-18.097056656574278 -2.4894157340342606 -2.3979523042788564 -0.21086566092171216 -4.414985643577637 -2.4946014013992794      6
-17.597056656574278 -2.312037675572263 -2.267309319336538 -0.21086566092171216 -4.238894384521956 -2.3198162921458816        6
-17.097056656574278 -2.1750608303154855 -2.115587313509487 -0.21086566092171216 -3.9031022825987627 -2.1870989389639632      6
-16.597056656574278 -2.0546762992355783 -1.9888812154811295 -0.21086566092171216 -4.0170456349056 -2.066194176017053         6
-16.097056656574278 -1.920483196531464 -1.849137824904119 -0.21086566092171216 -3.7382920339527708 -1.9250271641528025       6
-15.597056656574278 -1.7703009251817576 -1.7093357115007928 -0.21086566092171216 -3.5118956565856934 -1.7820224754103755     6
-15.097056656574278 -1.6465325453070068 -1.584236629872431 -0.21086566092171216 -3.309475458807663 -1.6517448862676118       6
-14.597056656574278 -1.5121671754953834 -1.447788801576989 -0.21086566092171216 -3.113955647913656 -1.515575562805187        6 
-14.097056656574278 -1.3878399778032955 -1.3098162155783053 -0.21086566092171216 -3.1085606160269497 -1.3888611268321867     6
-13.597056656574278 -1.2871522309423615 -1.2201938858557122 -0.21086566092171216 -2.843859366493325 -1.2861826428591054      6
-13.097056656574278 -1.1870346989694815 -1.1194185436151578 -0.21086566092171216 -2.6825918837546685 -1.1851758606250975     6
-12.597056656574278 -1.103708708972976 -1.0415678717397245 -0.21086566092171216 -2.538479139311756 -1.1038147637920388       6
-12.097056656574278 -1.0529274917541143 -1.0029453133859787 -0.21086566092171216 -2.421549413080025 -1.051890988918674       6
-11.597056656574278 -1.0648345767969303 -1.0326533563813336 -0.21086566092171216 -2.3241987156283694 -1.0642531918615072     6
-11.097056656574278 -1.338891596895162 -1.4248688775097325 -0.21086566092171216 -2.2846518750826306 -1.3378903936222455      6
#UV LF at redshift: 8.0                                                                                                        
#rest_Frame_mag num_Density_dust num_density_nodust num_Density_dust_diskins num_Density_dust_mergers num_Density_dust_disks
-30.597056656574278 -0.21086566092171216 -0.21086566092171216 -0.21086566092171216 -0.21086566092171216 -0.21086566092171216 8
-30.097056656574278 -0.21086566092171216 -0.21086566092171216 -0.21086566092171216 -0.21086566092171216 -0.21086566092171216 8
-29.597056656574278 -0.21086566092171216 -0.21086566092171216 -0.21086566092171216 -0.21086566092171216 -0.21086566092171216 8
-29.097056656574278 -0.21086566092171216 -0.21086566092171216 -0.21086566092171216 -0.21086566092171216 -0.21086566092171216 8
-28.597056656574278 -0.21086566092171216 -0.21086566092171216 -0.21086566092171216 -0.21086566092171216 -0.21086566092171216 8
-28.097056656574278 -0.21086566092171216 -0.21086566092171216 -0.21086566092171216 -0.21086566092171216 -0.21086566092171216 8
-27.597056656574278 -0.21086566092171216 -0.21086566092171216 -0.21086566092171216 -0.21086566092171216 -0.21086566092171216 8
-27.097056656574278 -0.21086566092171216 -0.21086566092171216 -0.21086566092171216 -0.21086566092171216 -0.21086566092171216 8
-26.597056656574278 -0.21086566092171216 -0.21086566092171216 -0.21086566092171216 -0.21086566092171216 -0.21086566092171216 8
-26.097056656574278 -0.21086566092171216 -0.21086566092171216 -0.21086566092171216 -0.21086566092171216 -0.21086566092171216 8
-25.597056656574278 -0.21086566092171216 -0.21086566092171216 -0.21086566092171216 -0.21086566092171216 -0.21086566092171216 8
-25.097056656574278 -0.21086566092171216 -0.21086566092171216 -0.21086566092171216 -0.21086566092171216 -0.21086566092171216 8
-24.597056656574278 -0.21086566092171216 -0.21086566092171216 -0.21086566092171216 -0.21086566092171216 -0.21086566092171216 8
-24.097056656574278 -0.21086566092171216 -0.21086566092171216 -0.21086566092171216 -0.21086566092171216 -0.21086566092171216 8
-23.597056656574278 -0.21086566092171216 -0.21086566092171216 -0.21086566092171216 -0.21086566092171216 -0.21086566092171216 8
-23.097056656574278 -0.21086566092171216 -0.21086566092171216 -0.21086566092171216 -0.21086566092171216 -0.21086566092171216 8
-22.597056656574278 -0.21086566092171216 -0.21086566092171216 -0.21086566092171216 -0.21086566092171216 -0.21086566092171216 8
-22.097056656574278 -0.21086566092171216 -0.21086566092171216 -0.21086566092171216 -0.21086566092171216 -0.21086566092171216 8
-21.597056656574278 -0.21086566092171216 -4.539924380185937 -0.21086566092171216 -0.21086566092171216 -0.21086566092171216   8
-21.097056656574278 -0.21086566092171216 -4.716015639241618 -0.21086566092171216 -0.21086566092171216 -0.21086566092171216   8
-20.597056656574278 -4.716015639241618 -4.0170456349056 -0.21086566092171216 -0.21086566092171216 -4.716015639241618         8
-20.097056656574278 -3.9378643888579745 -3.7382920339527708 -0.21086566092171216 -0.21086566092171216 -3.9756529497473743    8
-19.597056656574278 -3.674622954083393 -3.3638331211302557 -0.21086566092171216 -5.0170456349056 -3.674622954083393          8
-19.097056656574278 -3.393796344507699 -3.184536722199363 -0.21086566092171216 -0.21086566092171216 -3.393796344507699       8
-18.597056656574278 -3.053257807560044 -2.9678276122354177 -0.21086566092171216 -5.0170456349056 -3.0628031254662744         8
-18.097056656574278 -2.843859366493325 -2.7764963866229997 -0.21086566092171216 -5.0170456349056 -2.8556776326706244         8
-17.597056656574278 -2.6629371957581984 -2.554647637006643 -0.21086566092171216 -5.0170456349056 -2.6687407718574385         8
-17.097056656574278 -2.5228910408871563 -2.4535645495111886 -0.21086566092171216 -5.0170456349056 -2.521501297359151         8
-16.597056656574278 -2.3027158751603665 -2.2225575882464295 -0.21086566092171216 -4.171947594891343 -2.308624734770887       8
-16.097056656574278 -2.1682409338537956 -2.092249639107687 -0.21086566092171216 -4.318075630569581 -2.169472975763487        8
-15.597056656574278 -1.9686038313551948 -1.886711866410593 -0.21086566092171216 -3.9378643888579745 -1.9784254729558963      8
-15.097056656574278 -1.8444427036957394 -1.775997484233955 -0.21086566092171216 -3.69482634017168 -1.84619743126229          8
-14.597056656574278 -1.7033892882875676 -1.6130676712362444 -0.21086566092171216 -3.539924380185937 -1.7040225245823613      8
-14.097056656574278 -1.5792950720852112 -1.5276497131784699 -0.21086566092171216 -3.4149856435776367 -1.5780289065180864     8
-13.597056656574278 -1.4927793661386206 -1.4347549521866052 -0.21086566092171216 -3.2611707792331077 -1.490835631063935      8
-13.097056656574278 -1.4320363550031383 -1.3692715846367693 -0.21086566092171216 -3.210865660921712 -1.4321492907681495      8
-12.597056656574278 -1.4076646906548924 -1.3553275772109399 -0.21086566092171216 -3.0439177813059004 -1.4069180218296038     8
-12.097056656574278 -1.6485727964652375 -1.7048682784658205 -0.21086566092171216 -2.9525876456786806 -1.6498761463709186     8
-11.597056656574278 -2.0725629627554305 -2.5606796017765565 -0.21086566092171216 -2.8617095974405373 -2.0686326691269983     8
-11.097056656574278 -2.27826507642123 -3.077526382286981 -0.21086566092171216 -2.829524914069136 -2.2751065571764            8
#UV LF at redshift: 10.0                                                                                                       
#rest_Frame_mag num_Density_dust num_density_nodust num_Density_dust_diskins num_Density_dust_mergers num_Density_dust_disks
-30.597056656574278 -0.21086566092171216 -0.21086566092171216 -0.21086566092171216 -0.21086566092171216 -0.21086566092171216 10
-30.097056656574278 -0.21086566092171216 -0.21086566092171216 -0.21086566092171216 -0.21086566092171216 -0.21086566092171216 10
-29.597056656574278 -0.21086566092171216 -0.21086566092171216 -0.21086566092171216 -0.21086566092171216 -0.21086566092171216 10
-29.097056656574278 -0.21086566092171216 -0.21086566092171216 -0.21086566092171216 -0.21086566092171216 -0.21086566092171216 10
-28.597056656574278 -0.21086566092171216 -0.21086566092171216 -0.21086566092171216 -0.21086566092171216 -0.21086566092171216 10
-28.097056656574278 -0.21086566092171216 -0.21086566092171216 -0.21086566092171216 -0.21086566092171216 -0.21086566092171216 10
-27.597056656574278 -0.21086566092171216 -0.21086566092171216 -0.21086566092171216 -0.21086566092171216 -0.21086566092171216 10
-27.097056656574278 -0.21086566092171216 -0.21086566092171216 -0.21086566092171216 -0.21086566092171216 -0.21086566092171216 10
-26.597056656574278 -0.21086566092171216 -0.21086566092171216 -0.21086566092171216 -0.21086566092171216 -0.21086566092171216 10
-26.097056656574278 -0.21086566092171216 -0.21086566092171216 -0.21086566092171216 -0.21086566092171216 -0.21086566092171216 10
-25.597056656574278 -0.21086566092171216 -0.21086566092171216 -0.21086566092171216 -0.21086566092171216 -0.21086566092171216 10
-25.097056656574278 -0.21086566092171216 -0.21086566092171216 -0.21086566092171216 -0.21086566092171216 -0.21086566092171216 10
-24.597056656574278 -0.21086566092171216 -0.21086566092171216 -0.21086566092171216 -0.21086566092171216 -0.21086566092171216 10
-24.097056656574278 -0.21086566092171216 -0.21086566092171216 -0.21086566092171216 -0.21086566092171216 -0.21086566092171216 10
-23.597056656574278 -0.21086566092171216 -0.21086566092171216 -0.21086566092171216 -0.21086566092171216 -0.21086566092171216 10
-23.097056656574278 -0.21086566092171216 -0.21086566092171216 -0.21086566092171216 -0.21086566092171216 -0.21086566092171216 10
-22.597056656574278 -0.21086566092171216 -0.21086566092171216 -0.21086566092171216 -0.21086566092171216 -0.21086566092171216 10
-22.097056656574278 -0.21086566092171216 -0.21086566092171216 -0.21086566092171216 -0.21086566092171216 -0.21086566092171216 10
-21.597056656574278 -0.21086566092171216 -0.21086566092171216 -0.21086566092171216 -0.21086566092171216 -0.21086566092171216 10
-21.097056656574278 -0.21086566092171216 -0.21086566092171216 -0.21086566092171216 -0.21086566092171216 -0.21086566092171216 10
-20.597056656574278 -0.21086566092171216 -4.318075630569581 -0.21086566092171216 -0.21086566092171216 -0.21086566092171216   10
-20.097056656574278 -4.414985643577637 -4.539924380185937 -0.21086566092171216 -0.21086566092171216 -4.414985643577637       10
-19.597056656574278 -4.238894384521956 -4.171947594891343 -0.21086566092171216 -0.21086566092171216 -4.238894384521956       10
-19.097056656574278 -4.0170456349056 -3.8129256522496746 -0.21086566092171216 -0.21086566092171216 -4.0170456349056          10
-18.597056656574278 -3.6368343931939933 -3.539924380185937 -0.21086566092171216 -5.0170456349056 -3.6553177988880066         10
-18.097056656574278 -3.3735929584194118 -3.335804397530012 -0.21086566092171216 -0.21086566092171216 -3.3735929584194118     10
-17.597056656574278 -3.1719475948913423 -3.0927663488437176 -0.21086566092171216 -5.0170456349056 -3.1719475948913423        10
-17.097056656574278 -2.9525876456786806 -2.829524914069136 -0.21086566092171216 -5.0170456349056 -2.9639671914221797         10
-16.597056656574278 -2.7010752894486814 -2.590534373541024 -0.21086566092171216 -5.0170456349056 -2.7074154674797004         10
-16.097056656574278 -2.5683393150005194 -2.464377418793406 -0.21086566092171216 -4.716015639241618 -2.5637272948585617       10
-15.597056656574278 -2.344024727776703 -2.2588910129382094 -0.21086566092171216 -4.539924380185937 -2.3514646438876463       10
-15.097056656574278 -2.1883857383702794 -2.0995401253530526 -0.21086566092171216 -4.414985643577637 -2.1909708322047727      10
-14.597056656574278 -2.070593369892526 -1.9884743822130617 -0.21086566092171216 -4.0170456349056 -2.0701023642077736         10
-14.097056656574278 -1.9647365352582757 -1.900770047325055 -0.21086566092171216 -3.9378643888579745 -1.9631992080533465      10
-13.597056656574278 -1.9004378909173507 -1.8357738633461378 -0.21086566092171216 -4.171947594891343 -1.89878090881612        10
-13.097056656574278 -1.9296191778693137 -1.9067927175521961 -0.21086566092171216 -3.7382920339527708 -1.929264217096057      10
-12.597056656574278 -2.2735358701771693 -2.418255128142484 -0.21086566092171216 -3.554647637006643 -2.272752651782923        10
-12.097056656574278 -2.554647637006643 -3.0302739006393544 -0.21086566092171216 -3.4985316950277117 -2.554647637006643       10
-11.597056656574278 -2.83806868761243 -3.554647637006643 -0.21086566092171216 -3.7865967135273255 -2.83806868761243          10
-11.097056656574278 -2.8803250677491925 -3.8709175992273614 -0.21086566092171216 -3.585681870746612 -2.8771665485043627      10
#UV LF at redshift: 13.0                                                                                                       
#rest_Frame_mag num_Density_dust num_density_nodust num_Density_dust_diskins num_Density_dust_mergers num_Density_dust_disks
-30.597056656574278 -0.21086566092171216 -0.21086566092171216 -0.21086566092171216 -0.21086566092171216 -0.21086566092171216 13
-30.097056656574278 -0.21086566092171216 -0.21086566092171216 -0.21086566092171216 -0.21086566092171216 -0.21086566092171216 13
-29.597056656574278 -0.21086566092171216 -0.21086566092171216 -0.21086566092171216 -0.21086566092171216 -0.21086566092171216 13
-29.097056656574278 -0.21086566092171216 -0.21086566092171216 -0.21086566092171216 -0.21086566092171216 -0.21086566092171216 13
-28.597056656574278 -0.21086566092171216 -0.21086566092171216 -0.21086566092171216 -0.21086566092171216 -0.21086566092171216 13
-28.097056656574278 -0.21086566092171216 -0.21086566092171216 -0.21086566092171216 -0.21086566092171216 -0.21086566092171216 13
-27.597056656574278 -0.21086566092171216 -0.21086566092171216 -0.21086566092171216 -0.21086566092171216 -0.21086566092171216 13
-27.097056656574278 -0.21086566092171216 -0.21086566092171216 -0.21086566092171216 -0.21086566092171216 -0.21086566092171216 13
-26.597056656574278 -0.21086566092171216 -0.21086566092171216 -0.21086566092171216 -0.21086566092171216 -0.21086566092171216 13
-26.097056656574278 -0.21086566092171216 -0.21086566092171216 -0.21086566092171216 -0.21086566092171216 -0.21086566092171216 13
-25.597056656574278 -0.21086566092171216 -0.21086566092171216 -0.21086566092171216 -0.21086566092171216 -0.21086566092171216 13
-25.097056656574278 -0.21086566092171216 -0.21086566092171216 -0.21086566092171216 -0.21086566092171216 -0.21086566092171216 13
-24.597056656574278 -0.21086566092171216 -0.21086566092171216 -0.21086566092171216 -0.21086566092171216 -0.21086566092171216 13
-24.097056656574278 -0.21086566092171216 -0.21086566092171216 -0.21086566092171216 -0.21086566092171216 -0.21086566092171216 13
-23.597056656574278 -0.21086566092171216 -0.21086566092171216 -0.21086566092171216 -0.21086566092171216 -0.21086566092171216 13
-23.097056656574278 -0.21086566092171216 -0.21086566092171216 -0.21086566092171216 -0.21086566092171216 -0.21086566092171216 13
-22.597056656574278 -0.21086566092171216 -0.21086566092171216 -0.21086566092171216 -0.21086566092171216 -0.21086566092171216 13
-22.097056656574278 -0.21086566092171216 -0.21086566092171216 -0.21086566092171216 -0.21086566092171216 -0.21086566092171216 13
-21.597056656574278 -0.21086566092171216 -0.21086566092171216 -0.21086566092171216 -0.21086566092171216 -0.21086566092171216 13
-21.097056656574278 -0.21086566092171216 -0.21086566092171216 -0.21086566092171216 -0.21086566092171216 -0.21086566092171216 13
-20.597056656574278 -0.21086566092171216 -0.21086566092171216 -0.21086566092171216 -0.21086566092171216 -0.21086566092171216 13
-20.097056656574278 -0.21086566092171216 -0.21086566092171216 -0.21086566092171216 -0.21086566092171216 -0.21086566092171216 13
-19.597056656574278 -0.21086566092171216 -0.21086566092171216 -0.21086566092171216 -0.21086566092171216 -0.21086566092171216 13
-19.097056656574278 -4.716015639241618 -4.539924380185937 -0.21086566092171216 -0.21086566092171216 -4.716015639241618       13
-18.597056656574278 -5.0170456349056 -5.0170456349056 -0.21086566092171216 -0.21086566092171216 -5.0170456349056             13
-18.097056656574278 -4.318075630569581 -4.238894384521956 -0.21086566092171216 -0.21086566092171216 -4.318075630569581       13
-17.597056656574278 -4.113955647913656 -4.062803125466274 -0.21086566092171216 -0.21086566092171216 -4.113955647913656       13
-17.097056656574278 -4.0170456349056 -3.9378643888579745 -0.21086566092171216 -0.21086566092171216 -4.0170456349056          13
-16.597056656574278 -3.7160156392416184 -3.6553177988880066 -0.21086566092171216 -0.21086566092171216 -3.7382920339527708    13
-16.097056656574278 -3.3542878032240253 -3.326849554877086 -0.21086566092171216 -0.21086566092171216 -3.3449477769698817     13
-15.597056656574278 -3.2611707792331077 -3.0979675425295254 -0.21086566092171216 -4.716015639241618 -3.2766829454113555      13
-15.097056656574278 -3.0825471836620317 -3.0214104403080495 -0.21086566092171216 -5.0170456349056 -3.0825471836620317        13
-14.597056656574278 -2.909835665257731 -2.8678265222502195 -0.21086566092171216 -0.21086566092171216 -2.909835665257731      13
-14.097056656574278 -2.9958563358356614 -2.9064559246063504 -0.21086566092171216 -5.0170456349056 -2.991739769640829         13
-13.597056656574278 -3.1305549097331173 -3.1719475948913423 -0.21086566092171216 -0.21086566092171216 -3.1305549097331173    13
-13.097056656574278 -3.2766829454113555 -3.3542878032240253 -0.21086566092171216 -0.21086566092171216 -3.2766829454113555    13
-12.597056656574278 -3.761773129802293 -4.0170456349056 -0.21086566092171216 -0.21086566092171216 -3.761773129802293         13
-12.097056656574278 -3.7160156392416184 -4.171947594891343 -0.21086566092171216 -0.21086566092171216 -3.7160156392416184     13
-11.597056656574278 -3.8709175992273614 -4.539924380185937 -0.21086566092171216 -0.21086566092171216 -3.8709175992273614     13
-11.097056656574278 -4.062803125466274 -0.21086566092171216 -0.21086566092171216 -0.21086566092171216 -4.062803125466274     13
#UV LF at redshift: 15.0                                                                                                       
#rest_Frame_mag num_Density_dust num_density_nodust num_Density_dust_diskins num_Density_dust_mergers num_Density_dust_disks
-30.597056656574278 -0.21086566092171216 -0.21086566092171216 -0.21086566092171216 -0.21086566092171216 -0.21086566092171216 15
-30.097056656574278 -0.21086566092171216 -0.21086566092171216 -0.21086566092171216 -0.21086566092171216 -0.21086566092171216 15
-29.597056656574278 -0.21086566092171216 -0.21086566092171216 -0.21086566092171216 -0.21086566092171216 -0.21086566092171216 15
-29.097056656574278 -0.21086566092171216 -0.21086566092171216 -0.21086566092171216 -0.21086566092171216 -0.21086566092171216 15
-28.597056656574278 -0.21086566092171216 -0.21086566092171216 -0.21086566092171216 -0.21086566092171216 -0.21086566092171216 15
-28.097056656574278 -0.21086566092171216 -0.21086566092171216 -0.21086566092171216 -0.21086566092171216 -0.21086566092171216 15
-27.597056656574278 -0.21086566092171216 -0.21086566092171216 -0.21086566092171216 -0.21086566092171216 -0.21086566092171216 15
-27.097056656574278 -0.21086566092171216 -0.21086566092171216 -0.21086566092171216 -0.21086566092171216 -0.21086566092171216 15
-26.597056656574278 -0.21086566092171216 -0.21086566092171216 -0.21086566092171216 -0.21086566092171216 -0.21086566092171216 15
-26.097056656574278 -0.21086566092171216 -0.21086566092171216 -0.21086566092171216 -0.21086566092171216 -0.21086566092171216 15
-25.597056656574278 -0.21086566092171216 -0.21086566092171216 -0.21086566092171216 -0.21086566092171216 -0.21086566092171216 15
-25.097056656574278 -0.21086566092171216 -0.21086566092171216 -0.21086566092171216 -0.21086566092171216 -0.21086566092171216 15
-24.597056656574278 -0.21086566092171216 -0.21086566092171216 -0.21086566092171216 -0.21086566092171216 -0.21086566092171216 15
-24.097056656574278 -0.21086566092171216 -0.21086566092171216 -0.21086566092171216 -0.21086566092171216 -0.21086566092171216 15
-23.597056656574278 -0.21086566092171216 -0.21086566092171216 -0.21086566092171216 -0.21086566092171216 -0.21086566092171216 15
-23.097056656574278 -0.21086566092171216 -0.21086566092171216 -0.21086566092171216 -0.21086566092171216 -0.21086566092171216 15
-22.597056656574278 -0.21086566092171216 -0.21086566092171216 -0.21086566092171216 -0.21086566092171216 -0.21086566092171216 15
-22.097056656574278 -0.21086566092171216 -0.21086566092171216 -0.21086566092171216 -0.21086566092171216 -0.21086566092171216 15
-21.597056656574278 -0.21086566092171216 -0.21086566092171216 -0.21086566092171216 -0.21086566092171216 -0.21086566092171216 15
-21.097056656574278 -0.21086566092171216 -0.21086566092171216 -0.21086566092171216 -0.21086566092171216 -0.21086566092171216 15
-20.597056656574278 -0.21086566092171216 -0.21086566092171216 -0.21086566092171216 -0.21086566092171216 -0.21086566092171216 15
-20.097056656574278 -0.21086566092171216 -0.21086566092171216 -0.21086566092171216 -0.21086566092171216 -0.21086566092171216 15
-19.597056656574278 -0.21086566092171216 -0.21086566092171216 -0.21086566092171216 -0.21086566092171216 -0.21086566092171216 15
-19.097056656574278 -0.21086566092171216 -0.21086566092171216 -0.21086566092171216 -0.21086566092171216 -0.21086566092171216 15
-18.597056656574278 -0.21086566092171216 -0.21086566092171216 -0.21086566092171216 -0.21086566092171216 -0.21086566092171216 15
-18.097056656574278 -5.0170456349056 -5.0170456349056 -0.21086566092171216 -0.21086566092171216 -5.0170456349056             15
-17.597056656574278 -5.0170456349056 -4.716015639241618 -0.21086566092171216 -0.21086566092171216 -5.0170456349056           15
-17.097056656574278 -5.0170456349056 -5.0170456349056 -0.21086566092171216 -0.21086566092171216 -5.0170456349056             15
-16.597056656574278 -4.414985643577637 -4.318075630569581 -0.21086566092171216 -0.21086566092171216 -4.414985643577637       15
-16.097056656574278 -4.062803125466274 -3.9756529497473743 -0.21086566092171216 -0.21086566092171216 -4.062803125466274      15
-15.597056656574278 -3.9756529497473743 -3.9756529497473743 -0.21086566092171216 -0.21086566092171216 -3.9756529497473743    15
-15.097056656574278 -3.8709175992273614 -3.7865967135273255 -0.21086566092171216 -0.21086566092171216 -3.8709175992273614    15
-14.597056656574278 -3.8129256522496746 -3.8129256522496746 -0.21086566092171216 -0.21086566092171216 -3.8129256522496746    15
-14.097056656574278 -4.238894384521956 -4.0170456349056 -0.21086566092171216 -0.21086566092171216 -4.238894384521956         15
-13.597056656574278 -4.0170456349056 -3.8129256522496746 -0.21086566092171216 -0.21086566092171216 -4.0170456349056          15
-13.097056656574278 -4.0170456349056 -4.539924380185937 -0.21086566092171216 -0.21086566092171216 -4.0170456349056           15
-12.597056656574278 -4.539924380185937 -5.0170456349056 -0.21086566092171216 -0.21086566092171216 -4.539924380185937         15
-12.097056656574278 -5.0170456349056 -5.0170456349056 -0.21086566092171216 -0.21086566092171216 -5.0170456349056             15
-11.597056656574278 -5.0170456349056 -0.21086566092171216 -0.21086566092171216 -0.21086566092171216 -5.0170456349056         15
-11.097056656574278 -4.716015639241618 -5.0170456349056 -0.21086566092171216 -0.21086566092171216 -4.716015639241618         15
#UV LF at redshift: 17.0                                                                                                       
#rest_Frame_mag num_Density_dust num_density_nodust num_Density_dust_diskins num_Density_dust_mergers num_Density_dust_disks
-30.597056656574278 -0.21086566092171216 -0.21086566092171216 -0.21086566092171216 -0.21086566092171216 -0.21086566092171216 17
-30.097056656574278 -0.21086566092171216 -0.21086566092171216 -0.21086566092171216 -0.21086566092171216 -0.21086566092171216 17
-29.597056656574278 -0.21086566092171216 -0.21086566092171216 -0.21086566092171216 -0.21086566092171216 -0.21086566092171216 17
-29.097056656574278 -0.21086566092171216 -0.21086566092171216 -0.21086566092171216 -0.21086566092171216 -0.21086566092171216 17
-28.597056656574278 -0.21086566092171216 -0.21086566092171216 -0.21086566092171216 -0.21086566092171216 -0.21086566092171216 17
-28.097056656574278 -0.21086566092171216 -0.21086566092171216 -0.21086566092171216 -0.21086566092171216 -0.21086566092171216 17
-27.597056656574278 -0.21086566092171216 -0.21086566092171216 -0.21086566092171216 -0.21086566092171216 -0.21086566092171216 17
-27.097056656574278 -0.21086566092171216 -0.21086566092171216 -0.21086566092171216 -0.21086566092171216 -0.21086566092171216 17
-26.597056656574278 -0.21086566092171216 -0.21086566092171216 -0.21086566092171216 -0.21086566092171216 -0.21086566092171216 17
-26.097056656574278 -0.21086566092171216 -0.21086566092171216 -0.21086566092171216 -0.21086566092171216 -0.21086566092171216 17
-25.597056656574278 -0.21086566092171216 -0.21086566092171216 -0.21086566092171216 -0.21086566092171216 -0.21086566092171216 17
-25.097056656574278 -0.21086566092171216 -0.21086566092171216 -0.21086566092171216 -0.21086566092171216 -0.21086566092171216 17
-24.597056656574278 -0.21086566092171216 -0.21086566092171216 -0.21086566092171216 -0.21086566092171216 -0.21086566092171216 17
-24.097056656574278 -0.21086566092171216 -0.21086566092171216 -0.21086566092171216 -0.21086566092171216 -0.21086566092171216 17
-23.597056656574278 -0.21086566092171216 -0.21086566092171216 -0.21086566092171216 -0.21086566092171216 -0.21086566092171216 17
-23.097056656574278 -0.21086566092171216 -0.21086566092171216 -0.21086566092171216 -0.21086566092171216 -0.21086566092171216 17
-22.597056656574278 -0.21086566092171216 -0.21086566092171216 -0.21086566092171216 -0.21086566092171216 -0.21086566092171216 17
-22.097056656574278 -0.21086566092171216 -0.21086566092171216 -0.21086566092171216 -0.21086566092171216 -0.21086566092171216 17
-21.597056656574278 -0.21086566092171216 -0.21086566092171216 -0.21086566092171216 -0.21086566092171216 -0.21086566092171216 17
-21.097056656574278 -0.21086566092171216 -0.21086566092171216 -0.21086566092171216 -0.21086566092171216 -0.21086566092171216 17
-20.597056656574278 -0.21086566092171216 -0.21086566092171216 -0.21086566092171216 -0.21086566092171216 -0.21086566092171216 17
-20.097056656574278 -0.21086566092171216 -0.21086566092171216 -0.21086566092171216 -0.21086566092171216 -0.21086566092171216 17
-19.597056656574278 -0.21086566092171216 -0.21086566092171216 -0.21086566092171216 -0.21086566092171216 -0.21086566092171216 17
-19.097056656574278 -0.21086566092171216 -0.21086566092171216 -0.21086566092171216 -0.21086566092171216 -0.21086566092171216 17
-18.597056656574278 -0.21086566092171216 -0.21086566092171216 -0.21086566092171216 -0.21086566092171216 -0.21086566092171216 17
-18.097056656574278 -0.21086566092171216 -0.21086566092171216 -0.21086566092171216 -0.21086566092171216 -0.21086566092171216 17
-17.597056656574278 -0.21086566092171216 -0.21086566092171216 -0.21086566092171216 -0.21086566092171216 -0.21086566092171216 17
-17.097056656574278 -0.21086566092171216 -5.0170456349056 -0.21086566092171216 -0.21086566092171216 -0.21086566092171216     17
-16.597056656574278 -0.21086566092171216 -0.21086566092171216 -0.21086566092171216 -0.21086566092171216 -0.21086566092171216 17
-16.097056656574278 -0.21086566092171216 -0.21086566092171216 -0.21086566092171216 -0.21086566092171216 -0.21086566092171216 17
-15.597056656574278 -5.0170456349056 -5.0170456349056 -0.21086566092171216 -0.21086566092171216 -5.0170456349056             17
-15.097056656574278 -4.414985643577637 -4.318075630569581 -0.21086566092171216 -0.21086566092171216 -4.414985643577637       17
-14.597056656574278 -0.21086566092171216 -0.21086566092171216 -0.21086566092171216 -0.21086566092171216 -0.21086566092171216 17
-14.097056656574278 -0.21086566092171216 -4.716015639241618 -0.21086566092171216 -0.21086566092171216 -0.21086566092171216   17
-13.597056656574278 -5.0170456349056 -5.0170456349056 -0.21086566092171216 -0.21086566092171216 -5.0170456349056             17
-13.097056656574278 -0.21086566092171216 -0.21086566092171216 -0.21086566092171216 -0.21086566092171216 -0.21086566092171216 17
-12.597056656574278 -0.21086566092171216 -0.21086566092171216 -0.21086566092171216 -0.21086566092171216 -0.21086566092171216 17
-12.097056656574278 -5.0170456349056 -0.21086566092171216 -0.21086566092171216 -0.21086566092171216 -5.0170456349056         17
-11.597056656574278 -5.0170456349056 -0.21086566092171216 -0.21086566092171216 -0.21086566092171216 -5.0170456349056         17
-11.097056656574278 -5.0170456349056 -0.21086566092171216 -0.21086566092171216 -0.21086566092171216 -5.0170456349056         17
