#UV mag fractional contribution of channels at redshift 6
-30.597056656574278 -1 -1 -1 6
-30.097056656574278 -1 -1 -1 6
-29.597056656574278 -1 -1 -1 6
-29.097056656574278 -1 -1 -1 6
-28.597056656574278 -1 -1 -1 6
-28.097056656574278 -1 -1 -1 6
-27.597056656574278 -1 -1 -1 6
-27.097056656574278 -1 -1 -1 6
-26.597056656574278 -1 -1 -1 6
-26.097056656574278 -1 -1 -1 6
-25.597056656574278 -1 -1 -1 6
-25.097056656574278 -1 -1 -1 6
-24.597056656574278 -1 -1 -1 6
-24.097056656574278 0.006175273582280487 0.0 0.9938247264177195 6
-23.597056656574278 0.0011924795785516896 0.0 0.9988075204214483 6
-23.097056656574278 0.11615060055166941 0.0 0.8838493994483305 6
-22.597056656574278 0.9903794110757064 0.0 0.009620588924293707 6
-22.097056656574278 0.9871836636592372 0.0 0.012816336340762747 6
-21.597056656574278 0.9937324855143712 0.0 0.006267514485628747 6
-21.097056656574278 0.9937328711848875 0.0 0.0062671288151124206 6
-20.597056656574278 0.9952865989454776 0.0 0.004713401054522428 6
-20.097056656574278 0.9951779184008194 0.0 0.004822081599180658 6
-19.597056656574278 0.996031155164047 0.0 0.00396884483595302 6
-19.097056656574278 0.995888562684819 0.0 0.004111437315181105 6
-18.597056656574278 0.9943686104918577 0.0 0.005631389508142423 6
-18.097056656574278 0.990425869517038 0.0 0.009574130482961993 6
-17.597056656574278 0.9769951462446141 0.0 0.02300485375538584 6
-17.097056656574278 0.654628114777221 0.0 0.345371885222779 6
-16.597056656574278 1.0 0.0 0.0 6
-16.097056656574278 1.0 0.0 0.0 6
-15.597056656574278 1.0 0.0 0.0 6
-15.097056656574278 1.0 0.0 0.0 6
-14.597056656574278 1.0 0.0 0.0 6
-14.097056656574278 1.0 0.0 0.0 6
-13.597056656574278 1.0 0.0 0.0 6
-13.097056656574278 1.0 0.0 0.0 6
-12.597056656574278 1.0 0.0 0.0 6
-12.097056656574278 1.0 0.0 0.0 6
-11.597056656574278 1.0 0.0 0.0 6
-11.097056656574278 1.0 0.0 0.0 6
#UV mag fractional contribution of channels at redshift 8
-30.597056656574278 -1 -1 -1 8
-30.097056656574278 -1 -1 -1 8
-29.597056656574278 -1 -1 -1 8
-29.097056656574278 -1 -1 -1 8
-28.597056656574278 -1 -1 -1 8
-28.097056656574278 -1 -1 -1 8
-27.597056656574278 -1 -1 -1 8
-27.097056656574278 -1 -1 -1 8
-26.597056656574278 -1 -1 -1 8
-26.097056656574278 -1 -1 -1 8
-25.597056656574278 -1 -1 -1 8
-25.097056656574278 -1 -1 -1 8
-24.597056656574278 -1 -1 -1 8
-24.097056656574278 -1 -1 -1 8
-23.597056656574278 -1 -1 -1 8
-23.097056656574278 -1 -1 -1 8
-22.597056656574278 0.997409552984902 0.0 0.0025904470150979655 8
-22.097056656574278 0.5843143433386383 0.0 0.4156856566613617 8
-21.597056656574278 0.9775319432075616 0.0 0.022468056792438344 8
-21.097056656574278 0.9895162608927941 0.0 0.010483739107205917 8
-20.597056656574278 0.9939452867393427 0.0 0.006054713260657315 8
-20.097056656574278 0.9946404279697083 0.0 0.005359572030291733 8
-19.597056656574278 0.9939701622121638 0.0 0.006029837787836211 8
-19.097056656574278 0.9897351220395348 0.0 0.010264877960465189 8
-18.597056656574278 0.9747657719781639 0.0 0.025234228021836072 8
-18.097056656574278 0.5646462239864001 0.0 0.4353537760135999 8
-17.597056656574278 1.0 0.0 0.0 8
-17.097056656574278 1.0 0.0 0.0 8
-16.597056656574278 1.0 0.0 0.0 8
-16.097056656574278 1.0 0.0 0.0 8
-15.597056656574278 1.0 0.0 0.0 8
-15.097056656574278 1.0 0.0 0.0 8
-14.597056656574278 1.0 0.0 0.0 8
-14.097056656574278 1.0 0.0 0.0 8
-13.597056656574278 1.0 0.0 0.0 8
-13.097056656574278 1.0 0.0 0.0 8
-12.597056656574278 1.0 0.0 0.0 8
-12.097056656574278 1.0 0.0 0.0 8
-11.597056656574278 1.0 0.0 0.0 8
-11.097056656574278 1.0 0.0 0.0 8
#UV mag fractional contribution of channels at redshift 10
-30.597056656574278 -1 -1 -1 10
-30.097056656574278 -1 -1 -1 10
-29.597056656574278 -1 -1 -1 10
-29.097056656574278 -1 -1 -1 10
-28.597056656574278 -1 -1 -1 10
-28.097056656574278 -1 -1 -1 10
-27.597056656574278 -1 -1 -1 10
-27.097056656574278 -1 -1 -1 10
-26.597056656574278 -1 -1 -1 10
-26.097056656574278 -1 -1 -1 10
-25.597056656574278 -1 -1 -1 10
-25.097056656574278 -1 -1 -1 10
-24.597056656574278 -1 -1 -1 10
-24.097056656574278 -1 -1 -1 10
-23.597056656574278 -1 -1 -1 10
-23.097056656574278 -1 -1 -1 10
-22.597056656574278 -1 -1 -1 10
-22.097056656574278 0.013970939809900957 0.0 0.9860290601900991 10
-21.597056656574278 0.01992597001879951 0.0 0.9800740299812005 10
-21.097056656574278 0.021622528018400578 0.0 0.9783774719815994 10
-20.597056656574278 0.9950020428997428 0.0 0.0049979571002571836 10
-20.097056656574278 0.9894494926321373 0.0 0.010550507367862684 10
-19.597056656574278 0.9772945955876488 0.0 0.02270540441235129 10
-19.097056656574278 0.9167512079668976 0.0 0.08324879203310247 10
-18.597056656574278 1.0 0.0 0.0 10
-18.097056656574278 1.0 0.0 0.0 10
-17.597056656574278 1.0 0.0 0.0 10
-17.097056656574278 1.0 0.0 0.0 10
-16.597056656574278 1.0 0.0 0.0 10
-16.097056656574278 1.0 0.0 0.0 10
-15.597056656574278 1.0 0.0 0.0 10
-15.097056656574278 1.0 0.0 0.0 10
-14.597056656574278 1.0 0.0 0.0 10
-14.097056656574278 1.0 0.0 0.0 10
-13.597056656574278 1.0 0.0 0.0 10
-13.097056656574278 1.0 0.0 0.0 10
-12.597056656574278 1.0 0.0 0.0 10
-12.097056656574278 1.0 0.0 0.0 10
-11.597056656574278 1.0 0.0 0.0 10
-11.097056656574278 1.0 0.0 0.0 10
#UV mag fractional contribution of channels at redshift 12.7
-30.597056656574278 -1 -1 -1 12.7
-30.097056656574278 -1 -1 -1 12.7
-29.597056656574278 -1 -1 -1 12.7
-29.097056656574278 -1 -1 -1 12.7
-28.597056656574278 -1 -1 -1 12.7
-28.097056656574278 -1 -1 -1 12.7
-27.597056656574278 -1 -1 -1 12.7
-27.097056656574278 -1 -1 -1 12.7
-26.597056656574278 -1 -1 -1 12.7
-26.097056656574278 -1 -1 -1 12.7
-25.597056656574278 -1 -1 -1 12.7
-25.097056656574278 -1 -1 -1 12.7
-24.597056656574278 -1 -1 -1 12.7
-24.097056656574278 -1 -1 -1 12.7
-23.597056656574278 -1 -1 -1 12.7
-23.097056656574278 -1 -1 -1 12.7
-22.597056656574278 -1 -1 -1 12.7
-22.097056656574278 0.013272973684540088 0.0 0.9867270263154599 12.7
-21.597056656574278 -1 -1 -1 12.7
-21.097056656574278 -1 -1 -1 12.7
-20.597056656574278 0.9761714800273289 0.0 0.023828519972671013 12.7
-20.097056656574278 0.2971780891783466 0.0 0.7028219108216535 12.7
-19.597056656574278 0.4799286981702807 0.0 0.5200713018297193 12.7
-19.097056656574278 1.0 0.0 0.0 12.7
-18.597056656574278 1.0 0.0 0.0 12.7
-18.097056656574278 1.0 0.0 0.0 12.7
-17.597056656574278 1.0 0.0 0.0 12.7
-17.097056656574278 1.0 0.0 0.0 12.7
-16.597056656574278 1.0 0.0 0.0 12.7
-16.097056656574278 1.0 0.0 0.0 12.7
-15.597056656574278 1.0 0.0 0.0 12.7
-15.097056656574278 1.0 0.0 0.0 12.7
-14.597056656574278 1.0 0.0 0.0 12.7
-14.097056656574278 1.0 0.0 0.0 12.7
-13.597056656574278 1.0 0.0 0.0 12.7
-13.097056656574278 1.0 0.0 0.0 12.7
-12.597056656574278 1.0 0.0 0.0 12.7
-12.097056656574278 1.0 0.0 0.0 12.7
-11.597056656574278 1.0 0.0 0.0 12.7
-11.097056656574278 1.0 0.0 0.0 12.7
#UV mag fractional contribution of channels at redshift 15
-30.597056656574278 -1 -1 -1 15
-30.097056656574278 -1 -1 -1 15
-29.597056656574278 -1 -1 -1 15
-29.097056656574278 -1 -1 -1 15
-28.597056656574278 -1 -1 -1 15
-28.097056656574278 -1 -1 -1 15
-27.597056656574278 -1 -1 -1 15
-27.097056656574278 -1 -1 -1 15
-26.597056656574278 -1 -1 -1 15
-26.097056656574278 -1 -1 -1 15
-25.597056656574278 -1 -1 -1 15
-25.097056656574278 -1 -1 -1 15
-24.597056656574278 -1 -1 -1 15
-24.097056656574278 -1 -1 -1 15
-23.597056656574278 -1 -1 -1 15
-23.097056656574278 -1 -1 -1 15
-22.597056656574278 -1 -1 -1 15
-22.097056656574278 -1 -1 -1 15
-21.597056656574278 -1 -1 -1 15
-21.097056656574278 -1 -1 -1 15
-20.597056656574278 -1 -1 -1 15
-20.097056656574278 -1 -1 -1 15
-19.597056656574278 0.027463050595068542 0.0 0.9725369494049314 15
-19.097056656574278 1.0 0.0 0.0 15
-18.597056656574278 1.0 0.0 0.0 15
-18.097056656574278 1.0 0.0 0.0 15
-17.597056656574278 1.0 0.0 0.0 15
-17.097056656574278 1.0 0.0 0.0 15
-16.597056656574278 1.0 0.0 0.0 15
-16.097056656574278 1.0 0.0 0.0 15
-15.597056656574278 1.0 0.0 0.0 15
-15.097056656574278 1.0 0.0 0.0 15
-14.597056656574278 1.0 0.0 0.0 15
-14.097056656574278 1.0 0.0 0.0 15
-13.597056656574278 1.0 0.0 0.0 15
-13.097056656574278 1.0 0.0 0.0 15
-12.597056656574278 1.0 0.0 0.0 15
-12.097056656574278 1.0 0.0 0.0 15
-11.597056656574278 1.0 0.0 0.0 15
-11.097056656574278 1.0 0.0 0.0 15
#UV mag fractional contribution of channels at redshift 17
-30.597056656574278 -1 -1 -1 17
-30.097056656574278 -1 -1 -1 17
-29.597056656574278 -1 -1 -1 17
-29.097056656574278 -1 -1 -1 17
-28.597056656574278 -1 -1 -1 17
-28.097056656574278 -1 -1 -1 17
-27.597056656574278 -1 -1 -1 17
-27.097056656574278 -1 -1 -1 17
-26.597056656574278 -1 -1 -1 17
-26.097056656574278 -1 -1 -1 17
-25.597056656574278 -1 -1 -1 17
-25.097056656574278 -1 -1 -1 17
-24.597056656574278 -1 -1 -1 17
-24.097056656574278 -1 -1 -1 17
-23.597056656574278 -1 -1 -1 17
-23.097056656574278 -1 -1 -1 17
-22.597056656574278 -1 -1 -1 17
-22.097056656574278 -1 -1 -1 17
-21.597056656574278 -1 -1 -1 17
-21.097056656574278 -1 -1 -1 17
-20.597056656574278 -1 -1 -1 17
-20.097056656574278 -1 -1 -1 17
-19.597056656574278 -1 -1 -1 17
-19.097056656574278 -1 -1 -1 17
-18.597056656574278 -1 -1 -1 17
-18.097056656574278 1.0 0.0 0.0 17
-17.597056656574278 1.0 0.0 0.0 17
-17.097056656574278 1.0 0.0 0.0 17
-16.597056656574278 1.0 0.0 0.0 17
-16.097056656574278 1.0 0.0 0.0 17
-15.597056656574278 1.0 0.0 0.0 17
-15.097056656574278 1.0 0.0 0.0 17
-14.597056656574278 1.0 0.0 0.0 17
-14.097056656574278 1.0 0.0 0.0 17
-13.597056656574278 1.0 0.0 0.0 17
-13.097056656574278 1.0 0.0 0.0 17
-12.597056656574278 1.0 0.0 0.0 17
-12.097056656574278 1.0 0.0 0.0 17
-11.597056656574278 1.0 0.0 0.0 17
-11.097056656574278 1.0 0.0 0.0 17
