#UV mag fractional contribution of channels at redshift 6
-30.597056656574278 -1 -1 -1 6
-30.097056656574278 -1 -1 -1 6
-29.597056656574278 -1 -1 -1 6
-29.097056656574278 -1 -1 -1 6
-28.597056656574278 -1 -1 -1 6
-28.097056656574278 -1 -1 -1 6
-27.597056656574278 -1 -1 -1 6
-27.097056656574278 -1 -1 -1 6
-26.597056656574278 -1 -1 -1 6
-26.097056656574278 -1 -1 -1 6
-25.597056656574278 -1 -1 -1 6
-25.097056656574278 -1 -1 -1 6
-24.597056656574278 -1 -1 -1 6
-24.097056656574278 -1 -1 -1 6
-23.597056656574278 -1 -1 -1 6
-23.097056656574278 -1 -1 -1 6
-22.597056656574278 -1 -1 -1 6
-22.097056656574278 -1 -1 -1 6
-21.597056656574278 -1 -1 -1 6
-21.097056656574278 0.9611014613982032 0.032326558734961444 0.006571979866835295 6
-20.597056656574278 0.994632452564991 0.0 0.005367547435009064 6
-20.097056656574278 0.9295698691088281 0.06307053758913617 0.00735959330203558 6
-19.597056656574278 0.6195557160832285 0.3763511492786576 0.004093134638113947 6
-19.097056656574278 0.5627683450823157 0.435373809133441 0.0018578457842433889 6
-18.597056656574278 0.6780168110043563 0.31955526216473135 0.0024279268309124334 6
-18.097056656574278 0.996797322700638 0.0 0.003202677299361933 6
-17.597056656574278 0.9951961334866121 0.0 0.0048038665133879775 6
-17.097056656574278 0.9889965218701547 0.0 0.01100347812984529 6
-16.597056656574278 0.9585380380572945 0.0 0.04146196194270537 6
-16.097056656574278 1.0 0.0 0.0 6
-15.597056656574278 1.0 0.0 0.0 6
-15.097056656574278 1.0 0.0 0.0 6
-14.597056656574278 1.0 0.0 0.0 6
-14.097056656574278 1.0 0.0 0.0 6
-13.597056656574278 1.0 0.0 0.0 6
-13.097056656574278 1.0 0.0 0.0 6
-12.597056656574278 1.0 0.0 0.0 6
-12.097056656574278 1.0 0.0 0.0 6
-11.597056656574278 1.0 0.0 0.0 6
-11.097056656574278 1.0 0.0 0.0 6
#UV mag fractional contribution of channels at redshift 8
-30.597056656574278 -1 -1 -1 8
-30.097056656574278 -1 -1 -1 8
-29.597056656574278 -1 -1 -1 8
-29.097056656574278 -1 -1 -1 8
-28.597056656574278 -1 -1 -1 8
-28.097056656574278 -1 -1 -1 8
-27.597056656574278 -1 -1 -1 8
-27.097056656574278 -1 -1 -1 8
-26.597056656574278 -1 -1 -1 8
-26.097056656574278 -1 -1 -1 8
-25.597056656574278 -1 -1 -1 8
-25.097056656574278 -1 -1 -1 8
-24.597056656574278 -1 -1 -1 8
-24.097056656574278 -1 -1 -1 8
-23.597056656574278 -1 -1 -1 8
-23.097056656574278 -1 -1 -1 8
-22.597056656574278 -1 -1 -1 8
-22.097056656574278 -1 -1 -1 8
-21.597056656574278 -1 -1 -1 8
-21.097056656574278 -1 -1 -1 8
-20.597056656574278 -1 -1 -1 8
-20.097056656574278 0.04013861807760238 0.9295212021014303 0.030340179820967216 8
-19.597056656574278 0.4103293253339908 0.5864771782230341 0.003193496442975049 8
-19.097056656574278 0.33478868331980327 0.6586864018604928 0.00652491481970388 8
-18.597056656574278 0.4093337625221636 0.5866247387938853 0.004041498683951078 8
-18.097056656574278 0.48442002134137685 0.5081076422868737 0.007472336371749324 8
-17.597056656574278 0.9554679042474694 0.0 0.044532095752530504 8
-17.097056656574278 0.9723366677219687 0.0 0.02766333227803134 8
-16.597056656574278 1.0 0.0 0.0 8
-16.097056656574278 1.0 0.0 0.0 8
-15.597056656574278 1.0 0.0 0.0 8
-15.097056656574278 1.0 0.0 0.0 8
-14.597056656574278 1.0 0.0 0.0 8
-14.097056656574278 1.0 0.0 0.0 8
-13.597056656574278 1.0 0.0 0.0 8
-13.097056656574278 1.0 0.0 0.0 8
-12.597056656574278 1.0 0.0 0.0 8
-12.097056656574278 1.0 0.0 0.0 8
-11.597056656574278 1.0 0.0 0.0 8
-11.097056656574278 1.0 0.0 0.0 8
#UV mag fractional contribution of channels at redshift 10
-30.597056656574278 -1 -1 -1 10
-30.097056656574278 -1 -1 -1 10
-29.597056656574278 -1 -1 -1 10
-29.097056656574278 -1 -1 -1 10
-28.597056656574278 -1 -1 -1 10
-28.097056656574278 -1 -1 -1 10
-27.597056656574278 -1 -1 -1 10
-27.097056656574278 -1 -1 -1 10
-26.597056656574278 -1 -1 -1 10
-26.097056656574278 -1 -1 -1 10
-25.597056656574278 -1 -1 -1 10
-25.097056656574278 -1 -1 -1 10
-24.597056656574278 -1 -1 -1 10
-24.097056656574278 -1 -1 -1 10
-23.597056656574278 -1 -1 -1 10
-23.097056656574278 -1 -1 -1 10
-22.597056656574278 -1 -1 -1 10
-22.097056656574278 -1 -1 -1 10
-21.597056656574278 0.006631467656558458 0.9891659794350571 0.00420255290838442 10
-21.097056656574278 -1 -1 -1 10
-20.597056656574278 0.01422371720808691 0.9814291077800874 0.004347175011825714 10
#-20.097056656574278 0.9884093558106338 0.006682577732252256 0.004908066457113894 10
-19.597056656574278 0.028588598501597295 0.9684240561933731 0.002987345305029709 10
-19.097056656574278 4.6272470289069503e-197 8.51407071202087e-196 1.0 10
-18.597056656574278 0.4058634825838507 0.5881338406403653 0.006002676775783902 10
-18.097056656574278 0.35372596862597727 0.6354482204014227 0.010825810972600011 10
-17.597056656574278 0.4701588570795125 0.499802851593016 0.030038291327471513 10
#-17.097056656574278 3.337756621497719e-197 1.0 1.6328472405697557e-197 10
-16.597056656574278 1.0 0.0 0.0 10
-16.097056656574278 1.0 0.0 0.0 10
-15.597056656574278 1.0 0.0 0.0 10
-15.097056656574278 1.0 0.0 0.0 10
-14.597056656574278 1.0 0.0 0.0 10
-14.097056656574278 1.0 0.0 0.0 10
-13.597056656574278 1.0 0.0 0.0 10
-13.097056656574278 1.0 0.0 0.0 10
-12.597056656574278 1.0 0.0 0.0 10
-12.097056656574278 1.0 0.0 0.0 10
-11.597056656574278 1.0 0.0 0.0 10
-11.097056656574278 1.0 0.0 0.0 10
#UV mag fractional contribution of channels at redshift 12.56
-30.597056656574278 -1 -1 -1 12.56
-30.097056656574278 -1 -1 -1 12.56
-29.597056656574278 -1 -1 -1 12.56
-29.097056656574278 -1 -1 -1 12.56
-28.597056656574278 -1 -1 -1 12.56
-28.097056656574278 -1 -1 -1 12.56
-27.597056656574278 -1 -1 -1 12.56
-27.097056656574278 -1 -1 -1 12.56
-26.597056656574278 -1 -1 -1 12.56
-26.097056656574278 -1 -1 -1 12.56
-25.597056656574278 -1 -1 -1 12.56
-25.097056656574278 -1 -1 -1 12.56
-24.597056656574278 -1 -1 -1 12.56
-24.097056656574278 -1 -1 -1 12.56
-23.597056656574278 -1 -1 -1 12.56
-23.097056656574278 -1 -1 -1 12.56
-22.597056656574278 -1 -1 -1 12.56
-22.097056656574278 -1 -1 -1 12.56
-21.597056656574278 -1 -1 -1 12.56
-21.097056656574278 -1 -1 -1 12.56
-20.597056656574278 -1 -1 -1 12.56
-20.097056656574278 0.021621453951347094 0.972319197412019 0.006059348636633937 12.56
-19.597056656574278 -1 -1 -1 12.56
-19.097056656574278 0.05225599285562733 0.9402456070764383 0.0074984000679343505 12.56
#-18.597056656574278 0.9429331063715426 0.03942757646642309 0.01763931716203435 12.56
-18.097056656574278 0.08168727707377658 0.9183127229262233 0.0 12.56
-17.597056656574278 0.2917223376919277 0.6630504965671866 0.04522716574088571 12.56
-17.097056656574278 0.43873576950416043 0.5180646770173727 0.043199553478466934 12.56
-16.597056656574278 0.46776611582386973 0.5322338841761303 0.0 12.56
-16.097056656574278 0.44710437718945323 0.5528956228105468 0.0 12.56
-15.597056656574278 1.0 0.0 0.0 12.56
-15.097056656574278 1.0 0.0 0.0 12.56
-14.597056656574278 1.0 0.0 0.0 12.56
-14.097056656574278 1.0 0.0 0.0 12.56
-13.597056656574278 1.0 0.0 0.0 12.56
-13.097056656574278 1.0 0.0 0.0 12.56
-12.597056656574278 1.0 0.0 0.0 12.56
-12.097056656574278 1.0 0.0 0.0 12.56
-11.597056656574278 1.0 0.0 0.0 12.56
-11.097056656574278 1.0 0.0 0.0 12.56
#UV mag fractional contribution of channels at redshift 12.78
-30.597056656574278 -1 -1 -1 12.78
-30.097056656574278 -1 -1 -1 12.78
-29.597056656574278 -1 -1 -1 12.78
-29.097056656574278 -1 -1 -1 12.78
-28.597056656574278 -1 -1 -1 12.78
-28.097056656574278 -1 -1 -1 12.78
-27.597056656574278 -1 -1 -1 12.78
-27.097056656574278 -1 -1 -1 12.78
-26.597056656574278 -1 -1 -1 12.78
-26.097056656574278 -1 -1 -1 12.78
-25.597056656574278 -1 -1 -1 12.78
-25.097056656574278 -1 -1 -1 12.78
-24.597056656574278 -1 -1 -1 12.78
-24.097056656574278 -1 -1 -1 12.78
-23.597056656574278 -1 -1 -1 12.78
-23.097056656574278 -1 -1 -1 12.78
-22.597056656574278 -1 -1 -1 12.78
-22.097056656574278 -1 -1 -1 12.78
-21.597056656574278 -1 -1 -1 12.78
-21.097056656574278 -1 -1 -1 12.78
-20.597056656574278 -1 -1 -1 12.78
-20.097056656574278 -1 -1 -1 12.78
-19.597056656574278 -1 -1 -1 12.78
-19.097056656574278 0.30818657691565826 0.21477545513359858 0.47703796795074316 12.78
-18.597056656574278 0.10542233308618786 0.8674053983282277 0.02717226858558441 12.78
-18.097056656574278 0.561583109438451 0.37538142922938156 0.06303546133216745 12.78
-17.597056656574278 0.08293306087268693 0.6089199654166404 0.3081469737106727 12.78
-17.097056656574278 0.4526417907454484 0.4987891194876761 0.04856908976687539 12.78
-16.597056656574278 2.5242015171950728e-197 1.0 0.0 12.78
-16.097056656574278 1.0 0.0 0.0 12.78
-15.597056656574278 1.0 0.0 0.0 12.78
-15.097056656574278 1.0 0.0 0.0 12.78
-14.597056656574278 1.0 0.0 0.0 12.78
-14.097056656574278 1.0 0.0 0.0 12.78
-13.597056656574278 1.0 0.0 0.0 12.78
-13.097056656574278 1.0 0.0 0.0 12.78
-12.597056656574278 1.0 0.0 0.0 12.78
-12.097056656574278 1.0 0.0 0.0 12.78
-11.597056656574278 1.0 0.0 0.0 12.78
-11.097056656574278 1.0 0.0 0.0 12.78
#UV mag fractional contribution of channels at redshift 13
-30.597056656574278 -1 -1 -1 13
-30.097056656574278 -1 -1 -1 13
-29.597056656574278 -1 -1 -1 13
-29.097056656574278 -1 -1 -1 13
-28.597056656574278 -1 -1 -1 13
-28.097056656574278 -1 -1 -1 13
-27.597056656574278 -1 -1 -1 13
-27.097056656574278 -1 -1 -1 13
-26.597056656574278 -1 -1 -1 13
-26.097056656574278 -1 -1 -1 13
-25.597056656574278 -1 -1 -1 13
-25.097056656574278 -1 -1 -1 13
-24.597056656574278 -1 -1 -1 13
-24.097056656574278 -1 -1 -1 13
-23.597056656574278 -1 -1 -1 13
-23.097056656574278 -1 -1 -1 13
-22.597056656574278 -1 -1 -1 13
-22.097056656574278 -1 -1 -1 13
-21.597056656574278 -1 -1 -1 13
-21.097056656574278 -1 -1 -1 13
-20.597056656574278 -1 -1 -1 13
-20.097056656574278 -1 -1 -1 13
-19.597056656574278 0.024945646630571104 0.9706908593152839 0.004363494054145033 13
-19.097056656574278 0.004379883658404453 0.9956201163415955 0.0 13
-18.597056656574278 0.17568888892577852 0.6913224608009738 0.13298865027324755 13
-18.097056656574278 0.21613981577519698 0.7463464921448038 0.03751369207999925 13
-17.597056656574278 0.28525042924948546 0.6812170403202107 0.033532530430303784 13
-17.097056656574278 0.4076301232350588 0.5862259475731253 0.006143929191815925 13
-16.597056656574278 0.45009254111613245 0.4488465562796471 0.10106090260422033 13
-16.097056656574278 1.0 0.0 0.0 13
-15.597056656574278 1.0 0.0 0.0 13
-15.097056656574278 1.0 0.0 0.0 13
-14.597056656574278 1.0 0.0 0.0 13
-14.097056656574278 1.0 0.0 0.0 13
-13.597056656574278 1.0 0.0 0.0 13
-13.097056656574278 1.0 0.0 0.0 13
-12.597056656574278 1.0 0.0 0.0 13
-12.097056656574278 1.0 0.0 0.0 13
-11.597056656574278 1.0 0.0 0.0 13
-11.097056656574278 1.0 0.0 0.0 13
#UV mag fractional contribution of channels at redshift 15
-30.597056656574278 -1 -1 -1 15
-30.097056656574278 -1 -1 -1 15
-29.597056656574278 -1 -1 -1 15
-29.097056656574278 -1 -1 -1 15
-28.597056656574278 -1 -1 -1 15
-28.097056656574278 -1 -1 -1 15
-27.597056656574278 -1 -1 -1 15
-27.097056656574278 -1 -1 -1 15
-26.597056656574278 -1 -1 -1 15
-26.097056656574278 -1 -1 -1 15
-25.597056656574278 -1 -1 -1 15
-25.097056656574278 -1 -1 -1 15
-24.597056656574278 -1 -1 -1 15
-24.097056656574278 -1 -1 -1 15
-23.597056656574278 -1 -1 -1 15
-23.097056656574278 -1 -1 -1 15
-22.597056656574278 -1 -1 -1 15
-22.097056656574278 -1 -1 -1 15
-21.597056656574278 -1 -1 -1 15
-21.097056656574278 -1 -1 -1 15
-20.597056656574278 -1 -1 -1 15
-20.097056656574278 -1 -1 -1 15
-19.597056656574278 -1 -1 -1 15
-19.097056656574278 -1 -1 -1 15
-18.597056656574278 -1 -1 -1 15
-18.097056656574278 0.049273465240672776 0.9399697973973947 0.010756737361932564 15
-17.597056656574278 4.598292599620136e-197 0.3479850974737549 0.652014902526245 15
-17.097056656574278 0.11106832760144619 0.8886276251498222 0.00030404724873165956 15
-16.597056656574278 1.0 0.0 0.0 15
#-16.097056656574278 2.5217117508397923e-197 1.0 0.0 15
-15.597056656574278 1.0 0.0 0.0 15
-15.097056656574278 1.0 0.0 0.0 15
-14.597056656574278 1.0 0.0 0.0 15
-14.097056656574278 1.0 0.0 0.0 15
-13.597056656574278 1.0 0.0 0.0 15
-13.097056656574278 1.0 0.0 0.0 15
-12.597056656574278 1.0 0.0 0.0 15
-12.097056656574278 1.0 0.0 0.0 15
-11.597056656574278 1.0 0.0 0.0 15
-11.097056656574278 -1 -1 -1 15
#UV mag fractional contribution of channels at redshift 17
-30.597056656574278 -1 -1 -1 17
-30.097056656574278 -1 -1 -1 17
-29.597056656574278 -1 -1 -1 17
-29.097056656574278 -1 -1 -1 17
-28.597056656574278 -1 -1 -1 17
-28.097056656574278 -1 -1 -1 17
-27.597056656574278 -1 -1 -1 17
-27.097056656574278 -1 -1 -1 17
-26.597056656574278 -1 -1 -1 17
-26.097056656574278 -1 -1 -1 17
-25.597056656574278 -1 -1 -1 17
-25.097056656574278 -1 -1 -1 17
-24.597056656574278 -1 -1 -1 17
-24.097056656574278 -1 -1 -1 17
-23.597056656574278 -1 -1 -1 17
-23.097056656574278 -1 -1 -1 17
-22.597056656574278 -1 -1 -1 17
-22.097056656574278 -1 -1 -1 17
-21.597056656574278 -1 -1 -1 17
-21.097056656574278 -1 -1 -1 17
-20.597056656574278 -1 -1 -1 17
-20.097056656574278 -1 -1 -1 17
-19.597056656574278 -1 -1 -1 17
-19.097056656574278 -1 -1 -1 17
-18.597056656574278 -1 -1 -1 17
-18.097056656574278 -1 -1 -1 17
-17.597056656574278 -1 -1 -1 17
-17.097056656574278 -1 -1 -1 17
-16.597056656574278 -1 -1 -1 17
-16.097056656574278 0.3072887532767317 0.6874439488452352 0.005267297878033001 17
-15.597056656574278 1.0 0.0 0.0 17
-15.097056656574278 9.540538058746268e-198 1.0 0.0 17
-14.597056656574278 0.9340499126215311 0.06595008737846884 0.0 17
-14.097056656574278 1.0 0.0 0.0 17
-13.597056656574278 1.0 0.0 0.0 17
-13.097056656574278 1.0 0.0 0.0 17
-12.597056656574278 -1 -1 -1 17
-12.097056656574278 -1 -1 -1 17
-11.597056656574278 -1 -1 -1 17
-11.097056656574278 -1 -1 -1 17
