#UV mag fractional contribution of channels at redshift 6
-30.597056656574278 -1 -1 -1 6
-30.097056656574278 -1 -1 -1 6
-29.597056656574278 -1 -1 -1 6
-29.097056656574278 -1 -1 -1 6
-28.597056656574278 -1 -1 -1 6
-28.097056656574278 -1 -1 -1 6
-27.597056656574278 -1 -1 -1 6
-27.097056656574278 -1 -1 -1 6
-26.597056656574278 -1 -1 -1 6
-26.097056656574278 -1 -1 -1 6
-25.597056656574278 -1 -1 -1 6
-25.097056656574278 -1 -1 -1 6
-24.597056656574278 0.006805862121665087 0.0 0.993194137878335 6
-24.097056656574278 -1 -1 -1 6
-23.597056656574278 0.014222703302285773 0.9857772966977142 0.0 6
-23.097056656574278 0.007086044994571294 0.9885426875292351 0.004371267476193586 6
-22.597056656574278 0.0375577958968808 0.9579184001275354 0.004523803975583696 6
-22.097056656574278 0.4887903708424739 0.5081438285469366 0.0030658006105894337 6
-21.597056656574278 0.518249389567078 0.47785900040012586 0.0038916100327960872 6
-21.097056656574278 0.826307714099244 0.16598790890954737 0.007704376991208693 6
-20.597056656574278 0.8479825968800606 0.14308550777625503 0.008931895343684425 6
-20.097056656574278 0.8483372709166214 0.14116640136977499 0.010496327713603716 6
-19.597056656574278 0.812104261052937 0.17807783481912423 0.009817904127938657 6
-19.097056656574278 0.7494512723463174 0.24226933931119937 0.008279388342483297 6
-18.597056656574278 0.5948436302533257 0.39870926246114763 0.006447107285526764 6
-18.097056656574278 0.5199099664176734 0.47420625859583065 0.005883774986496001 6
-17.597056656574278 0.5217156486599234 0.47033435538211404 0.007949995957962525 6
-17.097056656574278 0.5149699624454861 0.46725131134814557 0.0177787262063683 6
-16.597056656574278 0.4844096581309027 0.0 0.5155903418690974 6
-16.097056656574278 1.0 0.0 0.0 6
-15.597056656574278 1.0 0.0 0.0 6
-15.097056656574278 1.0 0.0 0.0 6
-14.597056656574278 1.0 0.0 0.0 6
-14.097056656574278 1.0 0.0 0.0 6
-13.597056656574278 1.0 0.0 0.0 6
-13.097056656574278 1.0 0.0 0.0 6
-12.597056656574278 1.0 0.0 0.0 6
-12.097056656574278 1.0 0.0 0.0 6
-11.597056656574278 1.0 0.0 0.0 6
-11.097056656574278 1.0 0.0 0.0 6
#UV mag fractional contribution of channels at redshift 8
-30.597056656574278 -1 -1 -1 8
-30.097056656574278 -1 -1 -1 8
-29.597056656574278 -1 -1 -1 8
-29.097056656574278 -1 -1 -1 8
-28.597056656574278 -1 -1 -1 8
-28.097056656574278 -1 -1 -1 8
-27.597056656574278 -1 -1 -1 8
-27.097056656574278 -1 -1 -1 8
-26.597056656574278 -1 -1 -1 8
-26.097056656574278 -1 -1 -1 8
-25.597056656574278 -1 -1 -1 8
-25.097056656574278 -1 -1 -1 8
-24.597056656574278 -1 -1 -1 8
-24.097056656574278 -1 -1 -1 8
-23.597056656574278 -1 -1 -1 8
-23.097056656574278 -1 -1 -1 8
-22.597056656574278 0.0021405286550865905 0.9973807138964349 0.00047875744847834524 8
-22.097056656574278 1.588949434973054e-196 1.0 4.285865106567316e-197 8
-21.597056656574278 0.029757354638499222 0.9606790375936074 0.00956360776789351 8
-21.097056656574278 0.023945371956044556 0.9694444264301854 0.006610201613770081 8
-20.597056656574278 0.043475077624501715 0.9465533687987319 0.009971553576766516 8
-20.097056656574278 0.15109213702314392 0.8337760577039511 0.015131805272904843 8
-19.597056656574278 0.36294275345293314 0.6168704470594372 0.020186799487629623 8
-19.097056656574278 0.4548908271672816 0.5158548769157367 0.029254295916981494 8
-18.597056656574278 0.45472279009389305 0.5156190274310403 0.02965818247506658 8
-18.097056656574278 0.4346573313191442 0.5393845905275996 0.025958078153256157 8
-17.597056656574278 0.46253619817994457 0.49743985146031855 0.0400239503597367 8
-17.097056656574278 0.46512007529617044 0.421410580193965 0.11346934450986453 8
-16.597056656574278 0.5330726448649306 0.46692735513506944 0.0 8
-16.097056656574278 0.5217243480427063 0.47827565195729377 0.0 8
-15.597056656574278 1.0 0.0 0.0 8
-15.097056656574278 1.0 0.0 0.0 8
-14.597056656574278 1.0 0.0 0.0 8
-14.097056656574278 1.0 0.0 0.0 8
-13.597056656574278 1.0 0.0 0.0 8
-13.097056656574278 1.0 0.0 0.0 8
-12.597056656574278 1.0 0.0 0.0 8
-12.097056656574278 1.0 0.0 0.0 8
-11.597056656574278 1.0 0.0 0.0 8
-11.097056656574278 1.0 0.0 0.0 8
#UV mag fractional contribution of channels at redshift 10
-30.597056656574278 -1 -1 -1 10
-30.097056656574278 -1 -1 -1 10
-29.597056656574278 -1 -1 -1 10
-29.097056656574278 -1 -1 -1 10
-28.597056656574278 -1 -1 -1 10
-28.097056656574278 -1 -1 -1 10
-27.597056656574278 -1 -1 -1 10
-27.097056656574278 -1 -1 -1 10
-26.597056656574278 -1 -1 -1 10
-26.097056656574278 -1 -1 -1 10
-25.597056656574278 -1 -1 -1 10
-25.097056656574278 -1 -1 -1 10
-24.597056656574278 -1 -1 -1 10
-24.097056656574278 -1 -1 -1 10
-23.597056656574278 -1 -1 -1 10
-23.097056656574278 -1 -1 -1 10
-22.597056656574278 -1 -1 -1 10
-22.097056656574278 -1 -1 -1 10
-21.597056656574278 0.004762844941585513 0.9882244134730869 0.007012741585327597 10
-21.097056656574278 0.009305330322008601 0.984018759441959 0.006675910236032482 10
-20.597056656574278 0.01894469071795933 0.9718813583481248 0.009173950933915829 10
-20.097056656574278 0.03635495859969894 0.9462841605359994 0.01736088086430172 10
-19.597056656574278 0.058873817453315824 0.9167095743253253 0.02441660822135888 10
-19.097056656574278 0.10055940832195012 0.8480007182427839 0.05143987343526584 10
-18.597056656574278 0.14743690261374776 0.7921042824482161 0.06045881493803619 10
-18.097056656574278 0.2039501311138224 0.7357106854937815 0.060339183392396085 10
-17.597056656574278 0.2521379561340297 0.6742571732095095 0.07360487065646082 10
-17.097056656574278 0.29758973110666553 0.5074414938130797 0.19496877508025476 10
-16.597056656574278 0.5059286960370166 0.4940713039629834 0.0 10
-16.097056656574278 0.5401382380916058 0.4598617619083942 0.0 10
-15.597056656574278 0.5325293081474742 0.46747069185252565 0.0 10
-15.097056656574278 1.0 0.0 0.0 10
-14.597056656574278 1.0 0.0 0.0 10
-14.097056656574278 1.0 0.0 0.0 10
-13.597056656574278 1.0 0.0 0.0 10
-13.097056656574278 1.0 0.0 0.0 10
-12.597056656574278 1.0 0.0 0.0 10
-12.097056656574278 1.0 0.0 0.0 10
-11.597056656574278 1.0 0.0 0.0 10
-11.097056656574278 1.0 0.0 0.0 10
#UV mag fractional contribution of channels at redshift 12.7
-30.597056656574278 -1 -1 -1 12.7
-30.097056656574278 -1 -1 -1 12.7
-29.597056656574278 -1 -1 -1 12.7
-29.097056656574278 -1 -1 -1 12.7
-28.597056656574278 -1 -1 -1 12.7
-28.097056656574278 -1 -1 -1 12.7
-27.597056656574278 -1 -1 -1 12.7
-27.097056656574278 -1 -1 -1 12.7
-26.597056656574278 -1 -1 -1 12.7
-26.097056656574278 -1 -1 -1 12.7
-25.597056656574278 -1 -1 -1 12.7
-25.097056656574278 -1 -1 -1 12.7
-24.597056656574278 -1 -1 -1 12.7
-24.097056656574278 -1 -1 -1 12.7
-23.597056656574278 -1 -1 -1 12.7
-23.097056656574278 -1 -1 -1 12.7
-22.597056656574278 -1 -1 -1 12.7
-22.097056656574278 0.00022783407602850194 0.9834580881810145 0.016314077742956925 12.7
-21.597056656574278 0.006458930138679756 0.9835785638845508 0.009962505976769525 12.7
-21.097056656574278 0.008895788261378336 0.9636843438719179 0.027419867866703744 12.7
-20.597056656574278 0.01502149848869043 0.9718005371339763 0.01317796437733327 12.7
-20.097056656574278 0.022947221777933603 0.9600179156803519 0.01703486254171449 12.7
-19.597056656574278 0.03862045504720125 0.9406824853953794 0.020697059557419368 12.7
-19.097056656574278 0.05626481301614071 0.9208278673270789 0.02290731965678049 12.7
-18.597056656574278 0.08218092635004845 0.8827868513835602 0.03503222226639136 12.7
-18.097056656574278 0.12164902826699023 0.8475875856840754 0.030763386048934215 12.7
-17.597056656574278 0.1675459578328 0.8066935941038541 0.025760448063345938 12.7
-17.097056656574278 0.18160776161470688 0.6332199689685443 0.18517226941674897 12.7
-16.597056656574278 0.2842078349257072 0.7157921650742928 0.0 12.7
-16.097056656574278 0.48656664152727364 0.5134333584727263 0.0 12.7
-15.597056656574278 0.42743181208663494 0.5725681879133652 0.0 12.7
-15.097056656574278 1.0 0.0 0.0 12.7
-14.597056656574278 1.0 0.0 0.0 12.7
-14.097056656574278 1.0 0.0 0.0 12.7
-13.597056656574278 1.0 0.0 0.0 12.7
-13.097056656574278 1.0 0.0 0.0 12.7
-12.597056656574278 1.0 0.0 0.0 12.7
-12.097056656574278 1.0 0.0 0.0 12.7
-11.597056656574278 1.0 0.0 0.0 12.7
-11.097056656574278 1.0 0.0 0.0 12.7
#UV mag fractional contribution of channels at redshift 15
-30.597056656574278 -1 -1 -1 15
-30.097056656574278 -1 -1 -1 15
-29.597056656574278 -1 -1 -1 15
-29.097056656574278 -1 -1 -1 15
-28.597056656574278 -1 -1 -1 15
-28.097056656574278 -1 -1 -1 15
-27.597056656574278 -1 -1 -1 15
-27.097056656574278 -1 -1 -1 15
-26.597056656574278 -1 -1 -1 15
-26.097056656574278 -1 -1 -1 15
-25.597056656574278 -1 -1 -1 15
-25.097056656574278 -1 -1 -1 15
-24.597056656574278 -1 -1 -1 15
-24.097056656574278 -1 -1 -1 15
-23.597056656574278 -1 -1 -1 15
-23.097056656574278 -1 -1 -1 15
-22.597056656574278 -1 -1 -1 15
-22.097056656574278 -1 -1 -1 15
-21.597056656574278 -1 -1 -1 15
-21.097056656574278 -1 -1 -1 15
-20.597056656574278 0.021990930744958857 0.9536789469893829 0.024330122265658193 15
-20.097056656574278 0.03950105538705787 0.9209070886243662 0.03959185598857597 15
-19.597056656574278 0.03127579829337879 0.9486698617347658 0.02005433997185547 15
-19.097056656574278 0.033451106786794894 0.9197226037053916 0.046826289507813416 15
-18.597056656574278 0.061174119907231414 0.8659164885272521 0.07290939156551637 15
-18.097056656574278 0.09495546250720514 0.8201229732738954 0.0849215642188993 15
-17.597056656574278 0.10531160344918812 0.6771952033513587 0.2174931931994532 15
-17.097056656574278 0.19037847319579324 0.8096215268042067 0.0 15
-16.597056656574278 0.4186104872758476 0.5813895127241523 0.0 15
-16.097056656574278 1.0 0.0 0.0 15
-15.597056656574278 1.0 0.0 0.0 15
-15.097056656574278 1.0 0.0 0.0 15
-14.597056656574278 1.0 0.0 0.0 15
-14.097056656574278 1.0 0.0 0.0 15
-13.597056656574278 1.0 0.0 0.0 15
-13.097056656574278 1.0 0.0 0.0 15
-12.597056656574278 1.0 0.0 0.0 15
-12.097056656574278 1.0 0.0 0.0 15
-11.597056656574278 1.0 0.0 0.0 15
-11.097056656574278 1.0 0.0 0.0 15
#UV mag fractional contribution of channels at redshift 17
-30.597056656574278 -1 -1 -1 17
-30.097056656574278 -1 -1 -1 17
-29.597056656574278 -1 -1 -1 17
-29.097056656574278 -1 -1 -1 17
-28.597056656574278 -1 -1 -1 17
-28.097056656574278 -1 -1 -1 17
-27.597056656574278 -1 -1 -1 17
-27.097056656574278 -1 -1 -1 17
-26.597056656574278 -1 -1 -1 17
-26.097056656574278 -1 -1 -1 17
-25.597056656574278 -1 -1 -1 17
-25.097056656574278 -1 -1 -1 17
-24.597056656574278 -1 -1 -1 17
-24.097056656574278 -1 -1 -1 17
-23.597056656574278 -1 -1 -1 17
-23.097056656574278 -1 -1 -1 17
-22.597056656574278 -1 -1 -1 17
-22.097056656574278 -1 -1 -1 17
-21.597056656574278 -1 -1 -1 17
-21.097056656574278 -1 -1 -1 17
-20.597056656574278 6.482805628152965e-197 3.2700141868800456e-195 1.0 17
-20.097056656574278 -1 -1 -1 17
-19.597056656574278 -1 -1 -1 17
-19.097056656574278 0.03268040843974575 0.9446072991345268 0.02271229242572749 17
-18.597056656574278 0.05760110438897711 0.8463682694291578 0.0960306261818652 17
-18.097056656574278 0.05547973005935906 0.6317206908492826 0.3127995790913584 17
-17.597056656574278 0.11358704773406364 0.8864129522659364 0.0 17
-17.097056656574278 0.1707215455380047 0.8292784544619954 0.0 17
-16.597056656574278 2.702139485224606e-197 1.0 0.0 17
-16.097056656574278 1.0 0.0 0.0 17
-15.597056656574278 1.0 0.0 0.0 17
-15.097056656574278 1.0 0.0 0.0 17
-14.597056656574278 1.0 0.0 0.0 17
-14.097056656574278 1.0 0.0 0.0 17
-13.597056656574278 1.0 0.0 0.0 17
-13.097056656574278 1.0 0.0 0.0 17
-12.597056656574278 1.0 0.0 0.0 17
-12.097056656574278 1.0 0.0 0.0 17
-11.597056656574278 1.0 0.0 0.0 17
-11.097056656574278 1.0 0.0 0.0 17
