#UV mag fractional contribution of channels at redshift 6
-30.597056656574278 -1 -1 -1 6
-30.097056656574278 -1 -1 -1 6
-29.597056656574278 -1 -1 -1 6
-29.097056656574278 -1 -1 -1 6
-28.597056656574278 -1 -1 -1 6
-28.097056656574278 -1 -1 -1 6
-27.597056656574278 -1 -1 -1 6
-27.097056656574278 -1 -1 -1 6
-26.597056656574278 -1 -1 -1 6
-26.097056656574278 -1 -1 -1 6
-25.597056656574278 -1 -1 -1 6
-25.097056656574278 -1 -1 -1 6
-24.597056656574278 -1 -1 -1 6
-24.097056656574278 -1 -1 -1 6
-23.597056656574278 -1 -1 -1 6
-23.097056656574278 -1 -1 -1 6
-22.597056656574278 -1 -1 -1 6
-22.097056656574278 -1 -1 -1 6
#-21.597056656574278 0.9952724946707459 0.0038891274322014903 0.0008383778970525964 6
-21.097056656574278 0.12352159930556468 0.854025206973109 0.022453193721326106 6
-20.597056656574278 0.9666957580080245 0.029656634128900742 0.003647607863074789 6
-20.097056656574278 0.9999020513935797 0.0 9.794860642025077e-05 6
-19.597056656574278 0.8567326634304774 0.1412408575373111 0.0020264790322114916 6
-19.097056656574278 0.8040599700444091 0.19569337828714298 0.00024665166844801083 6
-18.597056656574278 0.9998756470334706 0.0 0.00012435296652935738 6
-18.097056656574278 0.9998787290441599 0.0 0.00012127095584009915 6
-17.597056656574278 0.9998838939286487 0.0 0.00011610607135126474 6
-17.097056656574278 0.9998441979357141 0.0 0.0001558020642858851 6
-16.597056656574278 0.9998167225856804 0.0 0.000183277414319597 6
-16.097056656574278 0.9997877535506255 0.0 0.00021224644937435782 6
-15.597056656574278 0.9997345121850743 0.0 0.00026548781492563144 6
-15.097056656574278 0.9996502139130568 0.0 0.0003497860869431696 6
-14.597056656574278 0.9995601043396902 0.0 0.0004398956603098558 6
-14.097056656574278 0.9994754347999928 0.0 0.0005245652000071189 6
-13.597056656574278 0.9993479125699644 0.0 0.0006520874300355873 6
-13.097056656574278 0.9991731089024939 0.0 0.000826891097506179 6
-12.597056656574278 0.9989250661895469 0.0 0.001074933810453016 6
-12.097056656574278 0.9986798550890217 0.0 0.001320144910978342 6
-11.597056656574278 0.9983025480243526 0.0 0.0016974519756474003 6
-11.097056656574278 0.9976341166798717 0.0 0.002365883320128277 6
#UV mag fractional contribution of channels at redshift 8
-30.597056656574278 -1 -1 -1 8
-30.097056656574278 -1 -1 -1 8
-29.597056656574278 -1 -1 -1 8
-29.097056656574278 -1 -1 -1 8
-28.597056656574278 -1 -1 -1 8
-28.097056656574278 -1 -1 -1 8
-27.597056656574278 -1 -1 -1 8
-27.097056656574278 -1 -1 -1 8
-26.597056656574278 -1 -1 -1 8
-26.097056656574278 -1 -1 -1 8
-25.597056656574278 -1 -1 -1 8
-25.097056656574278 -1 -1 -1 8
-24.597056656574278 -1 -1 -1 8
-24.097056656574278 -1 -1 -1 8
-23.597056656574278 -1 -1 -1 8
-23.097056656574278 -1 -1 -1 8
-22.597056656574278 -1 -1 -1 8
-22.097056656574278 -1 -1 -1 8
-21.597056656574278 -1 -1 -1 8
-21.097056656574278 -1 -1 -1 8
#-20.597056656574278 0.9626935287347179 0.02027587151227197 0.01703059975301002 8
-20.097056656574278 0.08877814270789114 0.9102525841893228 0.0009692731027858911 8
-19.597056656574278 0.45509069615373976 0.54418921997646 0.0007200838698002727 8
-19.097056656574278 0.45424852054277565 0.5454761804403807 0.0002752990168435921 8
-18.597056656574278 0.48124500990501046 0.5186125784085991 0.00014241168639040136 8
-18.097056656574278 0.4741647527396914 0.5257049205756364 0.0001303266846721829 8
-17.597056656574278 0.999778211679849 0.0 0.00022178832015086315 8
-17.097056656574278 0.9997837038638274 0.0 0.00021629613617251382 8
-16.597056656574278 0.9997780969316975 0.0 0.00022190306830253392 8
-16.097056656574278 0.9997429854911605 0.0 0.00025701450883956485 8
-15.597056656574278 0.9996528064447002 0.0 0.00034719355529976996 8
-15.097056656574278 0.9995598386369543 0.0 0.00044016136304566363 8
-14.597056656574278 0.9994601465796138 0.0 0.0005398534203861652 8
-14.097056656574278 0.9992705213566336 0.0 0.0007294786433663903 8
-13.597056656574278 0.9990518914188053 0.0 0.0009481085811946666 8
-13.097056656574278 0.9986802426861667 0.0 0.0013197573138332582 8
-12.597056656574278 0.9982979454601623 0.0 0.0017020545398377773 8
-12.097056656574278 0.9974638663554015 0.0 0.0025361336445985532 8
-11.597056656574278 0.9961551919419848 0.0 0.0038448080580152856 8
-11.097056656574278 0.992679771693338 0.0 0.007320228306662049 8
#UV mag fractional contribution of channels at redshift 10
-30.597056656574278 -1 -1 -1 10
-30.097056656574278 -1 -1 -1 10
-29.597056656574278 -1 -1 -1 10
-29.097056656574278 -1 -1 -1 10
-28.597056656574278 -1 -1 -1 10
-28.097056656574278 -1 -1 -1 10
-27.597056656574278 -1 -1 -1 10
-27.097056656574278 -1 -1 -1 10
-26.597056656574278 -1 -1 -1 10
-26.097056656574278 -1 -1 -1 10
-25.597056656574278 -1 -1 -1 10
-25.097056656574278 -1 -1 -1 10
-24.597056656574278 -1 -1 -1 10
-24.097056656574278 -1 -1 -1 10
-23.597056656574278 -1 -1 -1 10
-23.097056656574278 -1 -1 -1 10
-22.597056656574278 -1 -1 -1 10
-22.097056656574278 -1 -1 -1 10
-21.597056656574278 -1 -1 -1 10
-21.097056656574278 -1 -1 -1 10
-20.597056656574278 -1 -1 -1 10
-20.097056656574278 -1 -1 -1 10
#-19.597056656574278 0.6058062226515953 0.3767205066991327 0.01747327064927204 10
-19.097056656574278 0.19525018525090237 0.7989619861131151 0.005787828635982537 10
-18.597056656574278 0.4217631918208145 0.5777953917911296 0.00044141638805577954 10
-18.097056656574278 0.5384701633711897 0.4611410277894444 0.0003888088393658253 10
-17.597056656574278 0.4965653029134056 0.5032920902340726 0.0001426068525218661 10
-17.097056656574278 0.9997413607920991 0.0 0.00025863920790091156 10
-16.597056656574278 0.9997248560186044 0.0 0.0002751439813955786 10
-16.097056656574278 0.9997059172952101 0.0 0.0002940827047898768 10
-15.597056656574278 0.9995984762524814 0.0 0.0004015237475185938 10
-15.097056656574278 0.9994398512669131 0.0 0.0005601487330868616 10
-14.597056656574278 0.9993697909264843 0.0 0.0006302090735157878 10
-14.097056656574278 0.9991068175110808 0.0 0.0008931824889191904 10
-13.597056656574278 0.9986905440658764 0.0 0.0013094559341236013 10
-13.097056656574278 0.9980904130158404 0.0 0.001909586984159538 10
-12.597056656574278 0.9964710409398417 0.0 0.003528959060158322 10
-12.097056656574278 0.9932797730630768 0.0 0.006720226936923307 10
-11.597056656574278 0.9857327460564881 0.0 0.014267253943511995 10
-11.097056656574278 0.9534796050264825 0.0 0.046520394973517475 10
#UV mag fractional contribution of channels at redshift 12.62
-30.597056656574278 -1 -1 -1 12.62
-30.097056656574278 -1 -1 -1 12.62
-29.597056656574278 -1 -1 -1 12.62
-29.097056656574278 -1 -1 -1 12.62
-28.597056656574278 -1 -1 -1 12.62
-28.097056656574278 -1 -1 -1 12.62
-27.597056656574278 -1 -1 -1 12.62
-27.097056656574278 -1 -1 -1 12.62
-26.597056656574278 -1 -1 -1 12.62
-26.097056656574278 -1 -1 -1 12.62
-25.597056656574278 -1 -1 -1 12.62
-25.097056656574278 -1 -1 -1 12.62
-24.597056656574278 -1 -1 -1 12.62
-24.097056656574278 -1 -1 -1 12.62
-23.597056656574278 -1 -1 -1 12.62
-23.097056656574278 -1 -1 -1 12.62
-22.597056656574278 -1 -1 -1 12.62
-22.097056656574278 -1 -1 -1 12.62
-21.597056656574278 -1 -1 -1 12.62
-21.097056656574278 -1 -1 -1 12.62
-20.597056656574278 -1 -1 -1 12.62
-20.097056656574278 -1 -1 -1 12.62
-19.597056656574278 0.0801993502136608 0.9156077379686082 0.004192911817731183 12.62
-19.097056656574278 0.09890761920932016 0.8996914198175725 0.001400960973107461 12.62
-18.597056656574278 0.08950009976119394 0.9097217049812325 0.0007781952575735781 12.62
-18.097056656574278 0.1792302657198468 0.820072361023916 0.0006973732562373129 12.62
-17.597056656574278 0.4772359743593974 0.5225239364874389 0.00024008915316360856 12.62
-17.097056656574278 0.5127910033128611 0.4870445898270655 0.0001644068600734919 12.62
-16.597056656574278 0.5010546486530966 0.4987213558485455 0.00022399549835794695 12.62
-16.097056656574278 0.9997756579973888 0.0 0.00022434200261124216 12.62
-15.597056656574278 0.9995974171403309 0.0 0.00040258285966914513 12.62
-15.097056656574278 0.999509677834476 0.0 0.0004903221655239326 12.62
-14.597056656574278 0.9993975716620671 0.0 0.0006024283379328883 12.62
-14.097056656574278 0.9988592999055382 0.0 0.00114070009446171 12.62
-13.597056656574278 0.9981280556512396 0.0 0.0018719443487603517 12.62
-13.097056656574278 0.9931039745211597 0.0 0.0068960254788401915 12.62
-12.597056656574278 0.9862798229944775 0.0 0.013720177005522567 12.62
-12.097056656574278 0.8277156324177517 0.0 0.17228436758224835 12.62
-11.597056656574278 1.0 0.0 0.0 12.62
-11.097056656574278 1.0 0.0 0.0 12.62
#UV mag fractional contribution of channels at redshift 13
-30.597056656574278 -1 -1 -1 13
-30.097056656574278 -1 -1 -1 13
-29.597056656574278 -1 -1 -1 13
-29.097056656574278 -1 -1 -1 13
-28.597056656574278 -1 -1 -1 13
-28.097056656574278 -1 -1 -1 13
-27.597056656574278 -1 -1 -1 13
-27.097056656574278 -1 -1 -1 13
-26.597056656574278 -1 -1 -1 13
-26.097056656574278 -1 -1 -1 13
-25.597056656574278 -1 -1 -1 13
-25.097056656574278 -1 -1 -1 13
-24.597056656574278 -1 -1 -1 13
-24.097056656574278 -1 -1 -1 13
-23.597056656574278 -1 -1 -1 13
-23.097056656574278 -1 -1 -1 13
-22.597056656574278 -1 -1 -1 13
-22.097056656574278 -1 -1 -1 13
-21.597056656574278 -1 -1 -1 13
-21.097056656574278 -1 -1 -1 13
-20.597056656574278 -1 -1 -1 13
-20.097056656574278 -1 -1 -1 13
-19.597056656574278 -1 -1 -1 13
-19.097056656574278 0.11724594587811428 0.8498476145863434 0.03290643953554231 13
-18.597056656574278 0.5512365412196996 0.44732165231459037 0.0014418064657101357 13
-18.097056656574278 0.41175668340155 0.5860522866723098 0.0021910299261401964 13
-17.597056656574278 0.5709528021937691 0.428848246805236 0.0001989510009949141 13
-17.097056656574278 0.5566060171570404 0.4430110879630957 0.0003828948798637979 13
-16.597056656574278 2.9107627295313616e-197 1.0 9.029257658401652e-201 13
-16.097056656574278 0.999610789013018 0.0 0.0003892109869820895 13
-15.597056656574278 0.9996981266060195 0.0 0.00030187339398048086 13
-15.097056656574278 0.9996729278224539 0.0 0.0003270721775460979 13
-14.597056656574278 0.9992009254783408 0.0 0.0007990745216591621 13
-14.097056656574278 0.9991113965038563 0.0 0.0008886034961437545 13
-13.597056656574278 0.9977209097905965 0.0 0.0022790902094035194 13
-13.097056656574278 0.9928117889415686 0.0 0.007188211058431305 13
-12.597056656574278 0.9719068832902286 0.0 0.028093116709771486 13
-12.097056656574278 0.733350888333405 0.0 0.266649111666595 13
-11.597056656574278 1.0 0.0 0.0 13
-11.097056656574278 1.0 0.0 0.0 13
#UV mag fractional contribution of channels at redshift 15
-30.597056656574278 -1 -1 -1 15
-30.097056656574278 -1 -1 -1 15
-29.597056656574278 -1 -1 -1 15
-29.097056656574278 -1 -1 -1 15
-28.597056656574278 -1 -1 -1 15
-28.097056656574278 -1 -1 -1 15
-27.597056656574278 -1 -1 -1 15
-27.097056656574278 -1 -1 -1 15
-26.597056656574278 -1 -1 -1 15
-26.097056656574278 -1 -1 -1 15
-25.597056656574278 -1 -1 -1 15
-25.097056656574278 -1 -1 -1 15
-24.597056656574278 -1 -1 -1 15
-24.097056656574278 -1 -1 -1 15
-23.597056656574278 -1 -1 -1 15
-23.097056656574278 -1 -1 -1 15
-22.597056656574278 -1 -1 -1 15
-22.097056656574278 -1 -1 -1 15
-21.597056656574278 -1 -1 -1 15
-21.097056656574278 -1 -1 -1 15
-20.597056656574278 -1 -1 -1 15
-20.097056656574278 -1 -1 -1 15
-19.597056656574278 -1 -1 -1 15
-19.097056656574278 -1 -1 -1 15
-18.597056656574278 0.10301077473113912 0.89695657322788 3.265204098087175e-05 15
-18.097056656574278 -1 -1 -1 15
-17.597056656574278 -1 -1 -1 15
-17.097056656574278 2.3955288067213176e-197 1.0 2.090935486709287e-201 15
-16.597056656574278 0.7708655009688664 0.22899569153119684 0.00013880749993670414 15
-16.097056656574278 0.5412258344976817 0.4586582541607647 0.0001159113415534417 15
-15.597056656574278 0.9993850972552506 0.0 0.0006149027447493839 15
-15.097056656574278 0.9997540046503139 0.0 0.0002459953496860293 15
-14.597056656574278 0.999170149063646 0.0 0.0008298509363539474 15
-14.097056656574278 0.9984920145902839 0.0 0.0015079854097160826 15
-13.597056656574278 0.9955900332911651 0.0 0.004409966708834975 15
-13.097056656574278 0.7341306487322681 0.0 0.26586935126773187 15
-12.597056656574278 1.0 0.0 0.0 15
-12.097056656574278 1.0 0.0 0.0 15
-11.597056656574278 1.0 0.0 0.0 15
-11.097056656574278 1.0 0.0 0.0 15
#UV mag fractional contribution of channels at redshift 17
-30.597056656574278 -1 -1 -1 17
-30.097056656574278 -1 -1 -1 17
-29.597056656574278 -1 -1 -1 17
-29.097056656574278 -1 -1 -1 17
-28.597056656574278 -1 -1 -1 17
-28.097056656574278 -1 -1 -1 17
-27.597056656574278 -1 -1 -1 17
-27.097056656574278 -1 -1 -1 17
-26.597056656574278 -1 -1 -1 17
-26.097056656574278 -1 -1 -1 17
-25.597056656574278 -1 -1 -1 17
-25.097056656574278 -1 -1 -1 17
-24.597056656574278 -1 -1 -1 17
-24.097056656574278 -1 -1 -1 17
-23.597056656574278 -1 -1 -1 17
-23.097056656574278 -1 -1 -1 17
-22.597056656574278 -1 -1 -1 17
-22.097056656574278 -1 -1 -1 17
-21.597056656574278 -1 -1 -1 17
-21.097056656574278 -1 -1 -1 17
-20.597056656574278 -1 -1 -1 17
-20.097056656574278 -1 -1 -1 17
-19.597056656574278 -1 -1 -1 17
-19.097056656574278 -1 -1 -1 17
-18.597056656574278 -1 -1 -1 17
-18.097056656574278 -1 -1 -1 17
-17.597056656574278 -1 -1 -1 17
-17.097056656574278 0.14868525383640124 0.851267205414038 4.754074956068857e-05 17
-16.597056656574278 0.16750027707536158 0.8322866533444512 0.00021306958018726848 17
-16.097056656574278 -1 -1 -1 17
-15.597056656574278 0.9999800920334133 0.0 1.9907966586697283e-05 17
-15.097056656574278 0.9994265815327598 0.0 0.0005734184672402659 17
-14.597056656574278 0.9987822222242314 0.0 0.001217777775768657 17
-14.097056656574278 0.9886392511515105 0.0 0.011360748848489567 17
-13.597056656574278 0.9453571162008269 0.0 0.05464288379917313 17
-13.097056656574278 1.0 0.0 0.0 17
-12.597056656574278 1.0 0.0 0.0 17
-12.097056656574278 1.0 0.0 0.0 17
-11.597056656574278 1.0 0.0 0.0 17
-11.097056656574278 1.0 0.0 0.0 17
