#UV mag vs stellar mass relation at redshift z=6
5.25 -12.00541639328003 -0.7236733436584473 1.0563044548034668 6
5.75 -12.775474548339844 -0.751983642578125 1.2568130493164062 6
6.25 -13.794368743896484 -0.7558860778808594 1.3550395965576172 6
6.75 -14.942341804504395 -0.7563133239746094 1.3994417190551758 6
7.25 -16.200736045837402 -0.7212858200073242 1.4809379577636719 6
7.75 -17.315549850463867 -0.7677192687988281 1.1995792388916016 6
8.25 -18.269954681396484 -0.6822395324707031 1.2093315124511719 6
8.75 -18.6947660446167 -0.9179296493530273 1.0105905532836914 6
9.25 -19.43887710571289 -0.9818305969238281 0.6710472106933594 6
#UV mag vs stellar mass relation at redshift z=8
5.25 -12.858028411865234 -0.6666698455810547 0.9842195510864258 8
5.75 -13.606863021850586 -0.7074432373046875 1.1521987915039062 8
6.25 -14.597332954406738 -0.6887388229370117 1.211252212524414 8
6.75 -15.671167373657227 -0.6623172760009766 1.3132991790771484 8
7.25 -16.80867576599121 -0.6657562255859375 1.0145044326782227 8
7.75 -17.824796676635742 -0.6361885070800781 1.1660728454589844 8
8.25 -18.38609218597412 -0.8278589248657227 1.3286314010620117 8
8.75 -18.900184631347656 -0.7248935699462891 1.4080791473388672 8
#UV mag vs stellar mass relation at redshift z=10
5.25 -13.517087936401367 -0.5855731964111328 0.8973407745361328 10
5.75 -14.188258171081543 -0.649714469909668 1.1015996932983398 10
6.25 -15.136528968811035 -0.6251115798950195 1.0578126907348633 10
6.75 -16.237330436706543 -0.6200895309448242 0.9492416381835938 10
7.25 -17.202396392822266 -0.7065563201904297 0.8470325469970703 10
7.75 -18.11138153076172 -0.8538417816162109 0.8223876953125 10
8.25 -18.276572227478027 -0.4075899124145508 1.1700067520141602 10
#UV mag vs stellar mass relation at redshift z=13
5.25 -14.354988098144531 -0.40050601959228516 0.5502004623413086 13
5.75 -14.904727458953857 -0.6016459465026855 0.8165545463562012 13
6.25 -15.790040493011475 -0.4475846290588379 0.6213173866271973 13
6.75 -16.632186889648438 -0.54779052734375 0.5974216461181641 13
7.25 -17.352170944213867 -0.7337455749511719 0.3366222381591797 13
#UV mag vs stellar mass relation at redshift z=15
5.25 -14.594003677368164 -0.22534561157226562 0.1416015625 15
5.75 -15.22326374053955 -0.4733419418334961 1.018136978149414 15
6.25 -16.236330032348633 -0.6469783782958984 0.7693233489990234 15
#UV mag vs stellar mass relation at redshift z=17
