#UV mag vs stellar mass relation at redshift 6
5.25 -13.634958267211914 0.2982215881347656 0.9382467269897461 6
5.75 -13.769099235534668 0.5336675643920898 0.9368963241577148 6
6.25 -14.106828689575195 0.7345399856567383 1.1286792755126953 6
6.75 -15.040791988372803 0.7787919044494629 1.2636618614196777 6
7.25 -16.1954927444458 0.7564840316772461 1.2831478118896484 6
7.75 -17.373424530029297 0.7292385101318359 1.2973308563232422 6
8.25 -18.323960304260254 0.7062997817993164 1.5297956466674805 6
8.75 -18.59980583190918 1.1248340606689453 1.9445571899414062 6
9.25 -18.812066078186035 1.4607877731323242 1.901291847229004 6
9.75 -19.325666427612305 1.4522342681884766 1.976369857788086 6
10.25 -20.291271209716797 1.223165512084961 2.1928882598876953 6
10.75 0.0 0.0 0.0 6
11.25 0.0 0.0 0.0 6
11.75 0.0 0.0 0.0 6
12.25 0.0 0.0 0.0 6
12.75 0.0 0.0 0.0 6
13.25 0.0 0.0 0.0 6
13.75 0.0 0.0 0.0 6
#UV mag vs stellar mass relation at redshift 8
5.25 -14.272661685943604 0.2914109230041504 0.9669766426086426 8
5.75 -14.69322395324707 0.42142772674560547 0.9426841735839844 8
6.25 -14.973355293273926 0.6349372863769531 1.012171745300293 8
6.75 -15.79101276397705 0.6951532363891602 1.1554241180419922 8
7.25 -16.885029792785645 0.6665811538696289 1.136195182800293 8
7.75 -17.975692749023438 0.6464023590087891 1.1739616394042969 8
8.25 -18.840124130249023 0.6999645233154297 1.5793724060058594 8
8.75 -18.88884735107422 1.1895599365234375 1.9204673767089844 8
9.25 -19.016267776489258 1.2193565368652344 1.7360382080078125 8
9.75 -19.625410079956055 0.5013408660888672 1.4573612213134766 8
10.25 0.0 0.0 0.0 8
10.75 0.0 0.0 0.0 8
11.25 0.0 0.0 0.0 8
11.75 0.0 0.0 0.0 8
12.25 0.0 0.0 0.0 8
12.75 0.0 0.0 0.0 8
13.25 0.0 0.0 0.0 8
13.75 0.0 0.0 0.0 8
#UV mag vs stellar mass relation at redshift 10
5.25 -14.690248966217041 0.270352840423584 0.9931082725524902 10
5.75 -15.399248123168945 0.3085441589355469 1.0068578720092773 10
6.25 -15.69742202758789 0.5268115997314453 1.018235206604004 10
6.75 -16.39732837677002 0.6122579574584961 1.113851547241211 10
7.25 -17.38025665283203 0.6064682006835938 1.0938453674316406 10
7.75 -18.379432678222656 0.5993690490722656 1.182241439819336 10
8.25 -19.069093704223633 0.7739353179931641 1.4721832275390625 10
8.75 -19.22623062133789 1.0896644592285156 1.5061073303222656 10
9.25 -19.486867904663086 0.9586315155029297 1.4396324157714844 10
9.75 0.0 0.0 0.0 10
10.25 0.0 0.0 0.0 10
10.75 0.0 0.0 0.0 10
11.25 0.0 0.0 0.0 10
11.75 0.0 0.0 0.0 10
12.25 0.0 0.0 0.0 10
12.75 0.0 0.0 0.0 10
13.25 0.0 0.0 0.0 10
13.75 0.0 0.0 0.0 10
#UV mag vs stellar mass relation at redshift 12.7
5.25 -14.952301025390625 0.25589847564697266 0.9392976760864258 12.7
5.75 -15.893155097961426 0.26951122283935547 0.9999361038208008 12.7
6.25 -16.31996440887451 0.4260091781616211 1.0626449584960938 12.7
6.75 -16.9639892578125 0.5298519134521484 1.0570831298828125 12.7
7.25 -17.801852226257324 0.5372285842895508 1.2127351760864258 12.7
7.75 -18.559903144836426 0.6797494888305664 1.2776098251342773 12.7
8.25 -18.90142250061035 0.7011051177978516 0.9725513458251953 12.7
8.75 0.0 0.0 0.0 12.7
9.25 0.0 0.0 0.0 12.7
9.75 0.0 0.0 0.0 12.7
10.25 0.0 0.0 0.0 12.7
10.75 0.0 0.0 0.0 12.7
11.25 0.0 0.0 0.0 12.7
11.75 0.0 0.0 0.0 12.7
12.25 0.0 0.0 0.0 12.7
12.75 0.0 0.0 0.0 12.7
13.25 0.0 0.0 0.0 12.7
13.75 0.0 0.0 0.0 12.7
#UV mag vs stellar mass relation at redshift 15
5.25 -15.06792163848877 0.22837162017822266 0.8802709579467773 15
5.75 -16.147071838378906 0.30890464782714844 1.0329113006591797 15
6.25 -16.69719886779785 0.35997962951660156 0.8443775177001953 15
6.75 -17.290321350097656 0.4930877685546875 1.2301673889160156 15
7.25 -18.151796340942383 0.38123321533203125 1.0595321655273438 15
7.75 0.0 0.0 0.0 15
8.25 0.0 0.0 0.0 15
8.75 0.0 0.0 0.0 15
9.25 0.0 0.0 0.0 15
9.75 0.0 0.0 0.0 15
10.25 0.0 0.0 0.0 15
10.75 0.0 0.0 0.0 15
11.25 0.0 0.0 0.0 15
11.75 0.0 0.0 0.0 15
12.25 0.0 0.0 0.0 15
12.75 0.0 0.0 0.0 15
13.25 0.0 0.0 0.0 15
13.75 0.0 0.0 0.0 15
#UV mag vs stellar mass relation at redshift 17
5.25 -15.142152786254883 0.19227027893066406 1.4068336486816406 17
5.75 -16.263774871826172 0.3532257080078125 1.0350761413574219 17
6.25 -16.982425689697266 0.26873016357421875 0.8658008575439453 17
6.75 -17.50823211669922 0.11783409118652344 0.8976325988769531 17
7.25 0.0 0.0 0.0 17
7.75 0.0 0.0 0.0 17
8.25 0.0 0.0 0.0 17
8.75 0.0 0.0 0.0 17
9.25 0.0 0.0 0.0 17
9.75 0.0 0.0 0.0 17
10.25 0.0 0.0 0.0 17
10.75 0.0 0.0 0.0 17
11.25 0.0 0.0 0.0 17
11.75 0.0 0.0 0.0 17
12.25 0.0 0.0 0.0 17
12.75 0.0 0.0 0.0 17
13.25 0.0 0.0 0.0 17
13.75 0.0 0.0 0.0 17
