#UV mag vs stellar mass relation at redshift 6
5.25 -11.022292137145996 0.8906049728393555 1.7158880233764648 6
5.75 -12.370110511779785 0.8410711288452148 1.6644868850708008 6
6.25 -13.699089527130127 0.7932820320129395 1.7093167304992676 6
6.75 -15.039212703704834 0.7354245185852051 1.5336403846740723 6
7.25 -16.311275482177734 0.7037105560302734 1.3904170989990234 6
7.75 -17.333282470703125 0.7551212310791016 1.3599958419799805 6
8.25 -18.117633819580078 0.8556423187255859 1.3226432800292969 6
8.75 -18.98185157775879 0.7478313446044922 0.9886207580566406 6
9.25 -19.41753387451172 0.28597259521484375 0.5112724304199219 6
9.75 0.0 0.0 0.0 6
10.25 0.0 0.0 0.0 6
10.75 0.0 0.0 0.0 6
11.25 0.0 0.0 0.0 6
11.75 0.0 0.0 0.0 6
12.25 0.0 0.0 0.0 6
12.75 0.0 0.0 0.0 6
13.25 0.0 0.0 0.0 6
13.75 0.0 0.0 0.0 6
#UV mag vs stellar mass relation at redshift 8
5.25 -11.722106456756592 0.770998477935791 1.4891352653503418 8
5.75 -13.063066482543945 0.724273681640625 1.3759956359863281 8
6.25 -14.340023040771484 0.7311267852783203 1.3240242004394531 8
6.75 -15.641633033752441 0.6536474227905273 1.2318191528320312 8
7.25 -16.833118438720703 0.6407279968261719 1.0300416946411133 8
7.75 -17.859521865844727 0.6163711547851562 1.2184638977050781 8
8.25 -18.496864318847656 0.6413078308105469 1.1267757415771484 8
8.75 -18.32753562927246 0.8755397796630859 1.0507984161376953 8
9.25 0.0 0.0 0.0 8
9.75 0.0 0.0 0.0 8
10.25 0.0 0.0 0.0 8
10.75 0.0 0.0 0.0 8
11.25 0.0 0.0 0.0 8
11.75 0.0 0.0 0.0 8
12.25 0.0 0.0 0.0 8
12.75 0.0 0.0 0.0 8
13.25 0.0 0.0 0.0 8
13.75 0.0 0.0 0.0 8
#UV mag vs stellar mass relation at redshift 10
5.25 -12.256851196289062 0.6978435516357422 1.2772102355957031 10
5.75 -13.545921325683594 0.6547918319702148 1.3144350051879883 10
6.25 -14.854765892028809 0.6257810592651367 1.1570606231689453 10
6.75 -16.05518913269043 0.5892581939697266 1.044753074645996 10
7.25 -17.152952194213867 0.5790691375732422 1.1934614181518555 10
7.75 -17.9412841796875 0.6718692779541016 0.7817878723144531 10
8.25 -17.77151107788086 1.2473907470703125 0.4638175964355469 10
8.75 0.0 0.0 0.0 10
9.25 0.0 0.0 0.0 10
9.75 0.0 0.0 0.0 10
10.25 0.0 0.0 0.0 10
10.75 0.0 0.0 0.0 10
11.25 0.0 0.0 0.0 10
11.75 0.0 0.0 0.0 10
12.25 0.0 0.0 0.0 10
12.75 0.0 0.0 0.0 10
13.25 0.0 0.0 0.0 10
13.75 0.0 0.0 0.0 10
#UV mag vs stellar mass relation at redshift 12.62
5.25 -12.834444999694824 0.6101531982421875 1.0875368118286133 12.62
5.75 -14.064579963684082 0.6361827850341797 1.1952228546142578 12.62
6.25 -15.305922985076904 0.6274685859680176 0.8166403770446777 12.62
6.75 -16.608240127563477 0.6209354400634766 0.562286376953125 12.62
7.25 -17.67315101623535 0.5603179931640625 0.4068889617919922 12.62
7.75 0.0 0.0 0.0 12.62
8.25 0.0 0.0 0.0 12.62
8.75 0.0 0.0 0.0 12.62
9.25 0.0 0.0 0.0 12.62
9.75 0.0 0.0 0.0 12.62
10.25 0.0 0.0 0.0 12.62
10.75 0.0 0.0 0.0 12.62
11.25 0.0 0.0 0.0 12.62
11.75 0.0 0.0 0.0 12.62
12.25 0.0 0.0 0.0 12.62
12.75 0.0 0.0 0.0 12.62
13.25 0.0 0.0 0.0 12.62
13.75 0.0 0.0 0.0 12.62
#UV mag vs stellar mass relation at redshift 13
5.25 -12.893726348876953 0.6533241271972656 1.3122406005859375 13
5.75 -14.174863815307617 0.5436611175537109 1.3230314254760742 13
6.25 -15.388608932495117 0.5804433822631836 0.8661766052246094 13
6.75 -16.533496856689453 0.5168609619140625 0.5460367202758789 13
7.25 -17.612083435058594 0.8840160369873047 0.4594230651855469 13
7.75 0.0 0.0 0.0 13
8.25 0.0 0.0 0.0 13
8.75 0.0 0.0 0.0 13
9.25 0.0 0.0 0.0 13
9.75 0.0 0.0 0.0 13
10.25 0.0 0.0 0.0 13
10.75 0.0 0.0 0.0 13
11.25 0.0 0.0 0.0 13
11.75 0.0 0.0 0.0 13
12.25 0.0 0.0 0.0 13
12.75 0.0 0.0 0.0 13
13.25 0.0 0.0 0.0 13
13.75 0.0 0.0 0.0 13
#UV mag vs stellar mass relation at redshift 15
5.25 -13.236226081848145 0.5130090713500977 1.2816200256347656 15
5.75 -14.297179222106934 0.6949920654296875 0.5237751007080078 15
6.25 -15.699057579040527 0.2587890625 0.7992563247680664 15
6.75 0.0 0.0 0.0 15
7.25 0.0 0.0 0.0 15
7.75 0.0 0.0 0.0 15
8.25 0.0 0.0 0.0 15
8.75 0.0 0.0 0.0 15
9.25 0.0 0.0 0.0 15
9.75 0.0 0.0 0.0 15
10.25 0.0 0.0 0.0 15
10.75 0.0 0.0 0.0 15
11.25 0.0 0.0 0.0 15
11.75 0.0 0.0 0.0 15
12.25 0.0 0.0 0.0 15
12.75 0.0 0.0 0.0 15
13.25 0.0 0.0 0.0 15
13.75 0.0 0.0 0.0 15
#UV mag vs stellar mass relation at redshift 17
5.25 -13.466723442077637 0.5273056030273438 0.9313735961914062 17
5.75 -14.70140266418457 0.38240718841552734 0.2547616958618164 17
6.25 0.0 0.0 0.0 17
6.75 0.0 0.0 0.0 17
7.25 0.0 0.0 0.0 17
7.75 0.0 0.0 0.0 17
8.25 0.0 0.0 0.0 17
8.75 0.0 0.0 0.0 17
9.25 0.0 0.0 0.0 17
9.75 0.0 0.0 0.0 17
10.25 0.0 0.0 0.0 17
10.75 0.0 0.0 0.0 17
11.25 0.0 0.0 0.0 17
11.75 0.0 0.0 0.0 17
12.25 0.0 0.0 0.0 17
12.75 0.0 0.0 0.0 17
13.25 0.0 0.0 0.0 17
13.75 0.0 0.0 0.0 17
