#UV mag vs stellar mass relation at redshift z=6
5.25 -13.634805679321289 -0.2979440689086914 0.9330148696899414 6
5.75 -13.768568992614746 -0.5308761596679688 0.9139022827148438 6
6.25 -14.107758522033691 -0.7301645278930664 1.0945854187011719 6
6.75 -15.044150352478027 -0.7704639434814453 1.2095508575439453 6
7.25 -16.188173294067383 -0.7328987121582031 1.184269905090332 6
7.75 -17.142824172973633 -0.7864093780517578 1.1919631958007812 6
8.25 -17.986194610595703 -0.8069477081298828 1.1972789764404297 6
8.75 -18.66582489013672 -0.8686733245849609 1.1219615936279297 6
9.25 -19.305490493774414 -0.9567394256591797 1.2793827056884766 6
9.75 -19.562894821166992 -1.2497081756591797 1.7164478302001953 6
10.25 -20.71241569519043 -1.038797378540039 2.004730224609375 6
#UV mag vs stellar mass relation at redshift z=8
5.25 -14.271795272827148 -0.2921142578125 0.9473228454589844 8
5.75 -14.674752235412598 -0.42728710174560547 0.7826137542724609 8
6.25 -14.968449592590332 -0.6246223449707031 0.8766393661499023 8
6.75 -15.783218383789062 -0.6887054443359375 0.9968690872192383 8
7.25 -16.832704544067383 -0.6754493713378906 0.9852380752563477 8
7.75 -17.609542846679688 -0.7383003234863281 0.9915752410888672 8
8.25 -18.202312469482422 -0.8383216857910156 1.0489273071289062 8
8.75 -18.658846855163574 -0.8650903701782227 1.0713415145874023 8
9.25 -19.293654441833496 -0.9386777877807617 1.1989259719848633 8
9.75 -19.062761306762695 -1.1253910064697266 0.5031890869140625 8
#UV mag vs stellar mass relation at redshift z=10
5.25 -14.688045978546143 -0.27295541763305664 1.0125861167907715 10
5.75 -15.395133972167969 -0.3310222625732422 0.6670970916748047 10
6.25 -15.66319751739502 -0.5583620071411133 0.7372570037841797 10
6.75 -16.34221363067627 -0.664158821105957 0.8885078430175781 10
7.25 -17.18743324279785 -0.7171382904052734 0.9143142700195312 10
7.75 -17.807151794433594 -0.9294319152832031 1.0044078826904297 10
8.25 -18.32690143585205 -0.894465446472168 1.047316551208496 10
8.75 -18.864152908325195 -0.9001369476318359 1.0068836212158203 10
9.25 -19.238290786743164 -0.9269886016845703 1.3895797729492188 10
#UV mag vs stellar mass relation at redshift z=13
5.25 -14.956178665161133 -0.25244808197021484 0.9713048934936523 13
5.75 -15.952042579650879 -0.3506803512573242 0.7222414016723633 13
6.25 -16.324506759643555 -0.5164337158203125 0.7606353759765625 13
6.75 -16.818805694580078 -0.7051582336425781 0.882415771484375 13
7.25 -17.443236351013184 -0.9331674575805664 0.935786247253418 13
7.75 -17.980497360229492 -1.0633983612060547 1.101205825805664 13
8.25 -18.418169021606445 -1.2441215515136719 0.9934349060058594 13
8.75 -19.012239456176758 -0.3182506561279297 1.0446739196777344 13
#UV mag vs stellar mass relation at redshift z=15
5.25 -15.078115463256836 -0.23541259765625 0.9947729110717773 15
5.75 -16.187841415405273 -0.39502906799316406 0.7122573852539062 15
6.25 -16.8309326171875 -0.5315685272216797 0.8462047576904297 15
6.75 -17.1477108001709 -0.8223743438720703 0.9842166900634766 15
7.25 -17.703109741210938 -1.0333843231201172 1.0771293640136719 15
7.75 -18.263938903808594 -0.6643104553222656 0.6178417205810547 15
#UV mag vs stellar mass relation at redshift z=17
5.25 -15.072729110717773 -0.2873411178588867 1.5496902465820312 17
5.75 -16.21617317199707 -0.22545623779296875 0.2943410873413086 17
6.25 -17.29649543762207 -0.36026763916015625 0.9976882934570312 17
6.75 -17.51854705810547 -0.8935031890869141 0.7969741821289062 17
