#UV mag vs stellar mass relation at redshift 6  binned by UV mag
-30.597056656574278 0.0 0.0 0.0 6
-30.097056656574278 0.0 0.0 0.0 6
-29.597056656574278 0.0 0.0 0.0 6
-29.097056656574278 0.0 0.0 0.0 6
-28.597056656574278 0.0 0.0 0.0 6
-28.097056656574278 0.0 0.0 0.0 6
-27.597056656574278 0.0 0.0 0.0 6
-27.097056656574278 0.0 0.0 0.0 6
-26.597056656574278 0.0 0.0 0.0 6
-26.097056656574278 0.0 0.0 0.0 6
-25.597056656574278 0.0 0.0 0.0 6
-25.097056656574278 0.0 0.0 0.0 6
-24.597056656574278 0.0 0.0 0.0 6
-24.097056656574278 0.0 0.0 0.0 6
-23.597056656574278 0.0 0.0 0.0 6
-23.097056656574278 0.0 0.0 0.0 6
-22.597056656574278 9.69871997833252 0.5127992630004883 0.21587371826171875 6
-22.097056656574278 9.517399787902832 0.290374755859375 0.3037405014038086 6
-21.597056656574278 9.368160247802734 0.24614620208740234 0.2777061462402344 6
-21.097056656574278 9.197866439819336 0.24433231353759766 0.3314352035522461 6
-20.597056656574278 9.028020858764648 0.25473594665527344 0.3737754821777344 6
-20.097056656574278 8.843966484069824 0.2882566452026367 0.3892383575439453 6
-19.597056656574278 8.637985229492188 0.3119049072265625 0.37869739532470703 6
-19.097056656574278 8.405884742736816 0.31317806243896484 0.37491512298583984 6
-18.597056656574278 8.161824226379395 0.3071017265319824 0.3873929977416992 6
-18.097056656574278 7.899785995483398 0.2655067443847656 0.4292755126953125 6
-17.597056656574278 7.685361862182617 0.2549319267272949 0.3725252151489258 6
-17.097056656574278 7.475811958312988 0.25652408599853516 0.3444786071777344 6
-16.597056656574278 7.260768890380859 0.26161623001098633 0.34052371978759766 6
-16.097056656574278 7.034295082092285 0.27388620376586914 0.331453800201416 6
-15.597056656574278 6.807262420654297 0.29840087890625 0.31891822814941406 6
-15.097056656574278 6.573268413543701 0.3398594856262207 0.3243598937988281 6
-14.597056656574278 6.316967964172363 0.3936328887939453 0.35204124450683594 6
-14.097056656574278 6.0161566734313965 0.4605579376220703 0.4114365577697754 6
-13.597056656574278 5.801718711853027 0.6482124328613281 0.4665088653564453 6
-13.097056656574278 5.9437642097473145 0.7574930191040039 0.45011138916015625 6
-12.597056656574278 6.036547660827637 0.6240644454956055 0.48006343841552734 6
-12.097056656574278 6.037384986877441 0.655672550201416 0.5097322463989258 6
-11.597056656574278 6.024013042449951 0.6820554733276367 0.5169892311096191 6
-11.097056656574278 6.009153842926025 0.6945176124572754 0.5122356414794922 6
#UV mag vs stellar mass relation at redshift 8  binned by UV mag
-30.597056656574278 0.0 0.0 0.0 8
-30.097056656574278 0.0 0.0 0.0 8
-29.597056656574278 0.0 0.0 0.0 8
-29.097056656574278 0.0 0.0 0.0 8
-28.597056656574278 0.0 0.0 0.0 8
-28.097056656574278 0.0 0.0 0.0 8
-27.597056656574278 0.0 0.0 0.0 8
-27.097056656574278 0.0 0.0 0.0 8
-26.597056656574278 0.0 0.0 0.0 8
-26.097056656574278 0.0 0.0 0.0 8
-25.597056656574278 0.0 0.0 0.0 8
-25.097056656574278 0.0 0.0 0.0 8
-24.597056656574278 0.0 0.0 0.0 8
-24.097056656574278 0.0 0.0 0.0 8
-23.597056656574278 0.0 0.0 0.0 8
-23.097056656574278 0.0 0.0 0.0 8
-22.597056656574278 0.0 0.0 0.0 8
-22.097056656574278 9.288702011108398 0.42803192138671875 0.21410751342773438 8
-21.597056656574278 9.043246269226074 0.5024518966674805 0.2403697967529297 8
-21.097056656574278 8.714834213256836 0.3685951232910156 0.4278993606567383 8
-20.597056656574278 8.5742769241333 0.39953041076660156 0.4675331115722656 8
-20.097056656574278 8.431443214416504 0.38096046447753906 0.4595060348510742 8
-19.597056656574278 8.2778902053833 0.35073280334472656 0.4451303482055664 8
-19.097056656574278 8.115948677062988 0.3430185317993164 0.4374704360961914 8
-18.597056656574278 7.890872955322266 0.3185720443725586 0.4438056945800781 8
-18.097056656574278 7.639969348907471 0.267423152923584 0.41945600509643555 8
-17.597056656574278 7.415273189544678 0.2602677345275879 0.3627896308898926 8
-17.097056656574278 7.1912031173706055 0.262423038482666 0.3354802131652832 8
-16.597056656574278 6.952305316925049 0.27196550369262695 0.30248069763183594 8
-16.097056656574278 6.708808898925781 0.2991647720336914 0.29292774200439453 8
-15.597056656574278 6.450345039367676 0.3422732353210449 0.31120729446411133 8
-15.097056656574278 6.164982318878174 0.38636207580566406 0.35484981536865234 8
-14.597056656574278 5.879738807678223 0.4726705551147461 0.42691612243652344 8
-14.097056656574278 5.690589427947998 0.5184173583984375 0.6113929748535156 8
-13.597056656574278 5.918136119842529 0.7562451362609863 0.555671215057373 8
-13.097056656574278 6.008091926574707 0.7714962959289551 0.5186176300048828 8
-12.597056656574278 6.03341007232666 0.7718696594238281 0.48061227798461914 8
-12.097056656574278 6.01804780960083 0.7553238868713379 0.47719907760620117 8
-11.597056656574278 5.9775824546813965 0.7169055938720703 0.49961042404174805 8
-11.097056656574278 5.955837249755859 0.7052483558654785 0.5115985870361328 8
#UV mag vs stellar mass relation at redshift 10  binned by UV mag
-30.597056656574278 0.0 0.0 0.0 10
-30.097056656574278 0.0 0.0 0.0 10
-29.597056656574278 0.0 0.0 0.0 10
-29.097056656574278 0.0 0.0 0.0 10
-28.597056656574278 0.0 0.0 0.0 10
-28.097056656574278 0.0 0.0 0.0 10
-27.597056656574278 0.0 0.0 0.0 10
-27.097056656574278 0.0 0.0 0.0 10
-26.597056656574278 0.0 0.0 0.0 10
-26.097056656574278 0.0 0.0 0.0 10
-25.597056656574278 0.0 0.0 0.0 10
-25.097056656574278 0.0 0.0 0.0 10
-24.597056656574278 0.0 0.0 0.0 10
-24.097056656574278 0.0 0.0 0.0 10
-23.597056656574278 0.0 0.0 0.0 10
-23.097056656574278 0.0 0.0 0.0 10
-22.597056656574278 0.0 0.0 0.0 10
-22.097056656574278 0.0 0.0 0.0 10
-21.597056656574278 8.404040336608887 0.09581184387207031 0.19879817962646484 10
-21.097056656574278 8.305233001708984 0.20891094207763672 0.22014713287353516 10
-20.597056656574278 8.163686752319336 0.24437379837036133 0.41017913818359375 10
-20.097056656574278 8.022960662841797 0.2554354667663574 0.5007648468017578 10
-19.597056656574278 7.888179779052734 0.29100608825683594 0.5148000717163086 10
-19.097056656574278 7.743716716766357 0.3026542663574219 0.5129246711730957 10
-18.597056656574278 7.571953773498535 0.29747867584228516 0.46338939666748047 10
-18.097056656574278 7.377425193786621 0.2854471206665039 0.4152703285217285 10
-17.597056656574278 7.1596903800964355 0.2810063362121582 0.37864208221435547 10
-17.097056656574278 6.926575660705566 0.28353452682495117 0.339052677154541 10
-16.597056656574278 6.670633316040039 0.3039264678955078 0.32405662536621094 10
-16.097056656574278 6.39437198638916 0.3256807327270508 0.3249201774597168 10
-15.597056656574278 6.0889434814453125 0.32726335525512695 0.3732566833496094 10
-15.097056656574278 5.8829426765441895 0.49776697158813477 0.46473121643066406 10
-14.597056656574278 5.27574348449707 0.07291889190673828 0.8974595069885254 10
-14.097056656574278 5.619100093841553 0.5572543144226074 0.8245391845703125 10
-13.597056656574278 5.803800582885742 0.6232109069824219 0.6793904304504395 10
-13.097056656574278 5.868876934051514 0.6573047637939453 0.574953556060791 10
-12.597056656574278 5.837245941162109 0.6109685897827148 0.5703344345092773 10
-12.097056656574278 5.795233726501465 0.5682930946350098 0.6075782775878906 10
-11.597056656574278 5.709932327270508 0.48558568954467773 0.6630744934082031 10
-11.097056656574278 5.675397872924805 0.4549283981323242 0.6737837791442871 10
#UV mag vs stellar mass relation at redshift 12.7  binned by UV mag
-30.597056656574278 0.0 0.0 0.0 12.7
-30.097056656574278 0.0 0.0 0.0 12.7
-29.597056656574278 0.0 0.0 0.0 12.7
-29.097056656574278 0.0 0.0 0.0 12.7
-28.597056656574278 0.0 0.0 0.0 12.7
-28.097056656574278 0.0 0.0 0.0 12.7
-27.597056656574278 0.0 0.0 0.0 12.7
-27.097056656574278 0.0 0.0 0.0 12.7
-26.597056656574278 0.0 0.0 0.0 12.7
-26.097056656574278 0.0 0.0 0.0 12.7
-25.597056656574278 0.0 0.0 0.0 12.7
-25.097056656574278 0.0 0.0 0.0 12.7
-24.597056656574278 0.0 0.0 0.0 12.7
-24.097056656574278 0.0 0.0 0.0 12.7
-23.597056656574278 0.0 0.0 0.0 12.7
-23.097056656574278 0.0 0.0 0.0 12.7
-22.597056656574278 0.0 0.0 0.0 12.7
-22.097056656574278 0.0 0.0 0.0 12.7
-21.597056656574278 0.0 0.0 0.0 12.7
-21.097056656574278 8.059279441833496 0.11613750457763672 0.1847209930419922 12.7
-20.597056656574278 7.873767852783203 0.14288949966430664 0.19647884368896484 12.7
-20.097056656574278 7.7188920974731445 0.2062077522277832 0.4242668151855469 12.7
-19.597056656574278 7.534230709075928 0.20277643203735352 0.3285102844238281 12.7
-19.097056656574278 7.397994518280029 0.24133014678955078 0.40444421768188477 12.7
-18.597056656574278 7.2308173179626465 0.26326560974121094 0.39562463760375977 12.7
-18.097056656574278 7.055041313171387 0.29308319091796875 0.4022822380065918 12.7
-17.597056656574278 6.850857734680176 0.2976827621459961 0.3918642997741699 12.7
-17.097056656574278 6.604578971862793 0.3014407157897949 0.37349748611450195 12.7
-16.597056656574278 6.333761215209961 0.30478858947753906 0.3800663948059082 12.7
-16.097056656574278 6.090024471282959 0.2737565040588379 0.40870046615600586 12.7
-15.597056656574278 5.898649215698242 0.3940548896789551 0.5664339065551758 12.7
-15.097056656574278 5.2731828689575195 0.060100555419921875 0.6497321128845215 12.7
-14.597056656574278 5.163180351257324 0.08534622192382812 0.9737229347229004 12.7
-14.097056656574278 5.270083427429199 0.33533382415771484 1.0288443565368652 12.7
-13.597056656574278 5.307765960693359 0.2824234962463379 1.0165410041809082 12.7
-13.097056656574278 5.312075138092041 0.23018932342529297 0.9146475791931152 12.7
-12.597056656574278 5.318614959716797 0.17914676666259766 0.8722968101501465 12.7
-12.097056656574278 5.304242134094238 0.1770339012145996 0.8069915771484375 12.7
-11.597056656574278 5.309972763061523 0.1723003387451172 0.8299469947814941 12.7
-11.097056656574278 5.313940525054932 0.16530227661132812 0.749516487121582 12.7
#UV mag vs stellar mass relation at redshift 15  binned by UV mag
-30.597056656574278 0.0 0.0 0.0 15
-30.097056656574278 0.0 0.0 0.0 15
-29.597056656574278 0.0 0.0 0.0 15
-29.097056656574278 0.0 0.0 0.0 15
-28.597056656574278 0.0 0.0 0.0 15
-28.097056656574278 0.0 0.0 0.0 15
-27.597056656574278 0.0 0.0 0.0 15
-27.097056656574278 0.0 0.0 0.0 15
-26.597056656574278 0.0 0.0 0.0 15
-26.097056656574278 0.0 0.0 0.0 15
-25.597056656574278 0.0 0.0 0.0 15
-25.097056656574278 0.0 0.0 0.0 15
-24.597056656574278 0.0 0.0 0.0 15
-24.097056656574278 0.0 0.0 0.0 15
-23.597056656574278 0.0 0.0 0.0 15
-23.097056656574278 0.0 0.0 0.0 15
-22.597056656574278 0.0 0.0 0.0 15
-22.097056656574278 0.0 0.0 0.0 15
-21.597056656574278 0.0 0.0 0.0 15
-21.097056656574278 0.0 0.0 0.0 15
-20.597056656574278 0.0 0.0 0.0 15
-20.097056656574278 0.0 0.0 0.0 15
-19.597056656574278 7.279083728790283 0.1953425407409668 0.23297548294067383 15
-19.097056656574278 7.106487274169922 0.1768631935119629 0.21009302139282227 15
-18.597056656574278 6.960033416748047 0.23126220703125 0.35828256607055664 15
-18.097056656574278 6.769280910491943 0.26116371154785156 0.34865236282348633 15
-17.597056656574278 6.5537004470825195 0.26891326904296875 0.36913299560546875 15
-17.097056656574278 6.332093238830566 0.27067136764526367 0.41017866134643555 15
-16.597056656574278 6.165040969848633 0.24277210235595703 0.4389152526855469 15
-16.097056656574278 5.796054363250732 0.12663888931274414 0.648134708404541 15
-15.597056656574278 5.539194107055664 0.24660301208496094 0.916935920715332 15
-15.097056656574278 5.180598735809326 0.05536651611328125 0.07000255584716797 15
-14.597056656574278 5.054920196533203 0.09927082061767578 0.7123541831970215 15
-14.097056656574278 5.174136161804199 0.34305572509765625 0.6169900894165039 15
-13.597056656574278 5.159165382385254 0.4751715660095215 0.5709629058837891 15
-13.097056656574278 5.199493408203125 0.16484308242797852 0.8073282241821289 15
-12.597056656574278 5.2058424949646 0.18787431716918945 0.7555642127990723 15
-12.097056656574278 5.174918174743652 0.18543195724487305 0.5730504989624023 15
-11.597056656574278 5.1793365478515625 0.25113916397094727 0.6120009422302246 15
-11.097056656574278 5.188894271850586 0.10821962356567383 0.5657882690429688 15
#UV mag vs stellar mass relation at redshift 17  binned by UV mag
-30.597056656574278 0.0 0.0 0.0 17
-30.097056656574278 0.0 0.0 0.0 17
-29.597056656574278 0.0 0.0 0.0 17
-29.097056656574278 0.0 0.0 0.0 17
-28.597056656574278 0.0 0.0 0.0 17
-28.097056656574278 0.0 0.0 0.0 17
-27.597056656574278 0.0 0.0 0.0 17
-27.097056656574278 0.0 0.0 0.0 17
-26.597056656574278 0.0 0.0 0.0 17
-26.097056656574278 0.0 0.0 0.0 17
-25.597056656574278 0.0 0.0 0.0 17
-25.097056656574278 0.0 0.0 0.0 17
-24.597056656574278 0.0 0.0 0.0 17
-24.097056656574278 0.0 0.0 0.0 17
-23.597056656574278 0.0 0.0 0.0 17
-23.097056656574278 0.0 0.0 0.0 17
-22.597056656574278 0.0 0.0 0.0 17
-22.097056656574278 0.0 0.0 0.0 17
-21.597056656574278 0.0 0.0 0.0 17
-21.097056656574278 0.0 0.0 0.0 17
-20.597056656574278 0.0 0.0 0.0 17
-20.097056656574278 0.0 0.0 0.0 17
-19.597056656574278 0.0 0.0 0.0 17
-19.097056656574278 6.935307502746582 0.08535575866699219 0.184173583984375 17
-18.597056656574278 6.917323112487793 0.2494349479675293 0.15470027923583984 17
-18.097056656574278 6.628552436828613 0.26566267013549805 0.2427363395690918 17
-17.597056656574278 6.346657752990723 0.21636152267456055 0.3897886276245117 17
-17.097056656574278 6.223806858062744 0.173004150390625 0.37877893447875977 17
-16.597056656574278 6.118964195251465 0.29479503631591797 0.40474796295166016 17
-16.097056656574278 5.695279598236084 0.10477256774902344 0.6463899612426758 17
-15.597056656574278 5.259064674377441 0.05456113815307617 0.40902042388916016 17
-15.097056656574278 5.119993209838867 0.051477909088134766 0.04883003234863281 17
-14.597056656574278 4.970271587371826 0.09985685348510742 0.18953704833984375 17
-14.097056656574278 5.096070289611816 0.32347869873046875 0.09821605682373047 17
-13.597056656574278 5.033695697784424 0.45439720153808594 0.07072019577026367 17
-13.097056656574278 5.142329216003418 0.15477848052978516 0.5539340972900391 17
-12.597056656574278 5.3127899169921875 0.1900768280029297 0.8569803237915039 17
-12.097056656574278 0.0 0.0 0.0 17
-11.597056656574278 0.0 0.0 0.0 17
-11.097056656574278 0.0 0.0 0.0 17 
