#UV mag vs stellar mass relation at redshift z=6
5.25 -13.635087966918945 -0.2979621887207031 0.9392328262329102 6
5.75 -13.76923942565918 -0.5335674285888672 0.9365653991699219 6
6.25 -14.107368469238281 -0.7346963882446289 1.1293649673461914 6
6.75 -15.040748596191406 -0.7788057327270508 1.2650165557861328 6
7.25 -16.19550132751465 -0.7561149597167969 1.2829923629760742 6
7.75 -17.373958587646484 -0.7296066284179688 1.2958946228027344 6
8.25 -18.325498580932617 -0.7059803009033203 1.5322456359863281 6
8.75 -18.607803344726562 -1.1182746887207031 1.9380226135253906 6
9.25 -18.814370155334473 -1.4525365829467773 1.888035774230957 6
9.75 -19.27300453186035 -1.5260906219482422 1.9934139251708984 6
10.25 -20.348031044006348 -1.2729806900024414 2.249648094177246 6
#UV mag vs stellar mass relation at redshift z=8
5.25 -14.272706031799316 -0.2916526794433594 0.969914436340332 8
5.75 -14.693587303161621 -0.4214448928833008 0.9433002471923828 8
6.25 -14.97368049621582 -0.6345539093017578 1.0115852355957031 8
6.75 -15.79004955291748 -0.6954889297485352 1.1537160873413086 8
7.25 -16.885915756225586 -0.6654644012451172 1.1338872909545898 8
7.75 -17.97531032562256 -0.6452474594116211 1.1737737655639648 8
8.25 -18.835211753845215 -0.7025613784790039 1.5689363479614258 8
8.75 -18.891138076782227 -1.1822662353515625 1.9176502227783203 8
9.25 -19.016547203063965 -1.2190771102905273 1.7363176345825195 8
9.75 -19.704517364501953 -1.3576011657714844 1.536468505859375 8
#UV mag vs stellar mass relation at redshift z=10
5.25 -14.68994951248169 -0.2709355354309082 0.9958958625793457 10
5.75 -15.39940881729126 -0.3085637092590332 1.0064454078674316 10
6.25 -15.69762134552002 -0.527430534362793 1.0193462371826172 10
6.75 -16.397401809692383 -0.6121025085449219 1.1090869903564453 10
7.25 -17.381589889526367 -0.6043777465820312 1.1032238006591797 10
7.75 -18.38139533996582 -0.59698486328125 1.1857433319091797 10
8.25 -19.071016311645508 -0.7768383026123047 1.4857711791992188 10
8.75 -19.23083209991455 -1.0825166702270508 1.4915704727172852 10
9.25 -19.486867904663086 -0.9586315155029297 1.4396324157714844 10
#UV mag vs stellar mass relation at redshift z=13
5.25 -14.952076435089111 -0.2564578056335449 0.9551520347595215 13
5.75 -15.893153667449951 -0.26694726943969727 0.9978013038635254 13
6.25 -16.31890106201172 -0.42547035217285156 1.0576486587524414 13
6.75 -16.96546745300293 -0.5297470092773438 1.0802898406982422 13
7.25 -17.797390937805176 -0.5356931686401367 1.2492990493774414 13
7.75 -18.52655601501465 -0.7276172637939453 1.3408451080322266 13
8.25 -18.895160675048828 -0.707366943359375 0.9662895202636719 13
#UV mag vs stellar mass relation at redshift z=15
5.25 -15.063061237335205 -0.23634099960327148 0.978874683380127 15
5.75 -16.164365768432617 -0.29482078552246094 0.9843921661376953 15
6.25 -16.701616287231445 -0.36662864685058594 0.849644660949707 15
6.75 -17.296374320983887 -0.49009037017822266 1.236220359802246 15
7.25 -18.151796340942383 -0.3681049346923828 1.0595321655273438 15
#UV mag vs stellar mass relation at redshift z=17
5.25 -15.142152786254883 -0.19227027893066406 1.4068336486816406 17
5.75 -16.263774871826172 -0.34055137634277344 1.0854272842407227 17
6.25 -16.982425689697266 -0.2801246643066406 0.8658008575439453 17
6.75 -17.50823211669922 -0.214447021484375 0.8976325988769531 17
