#UV mag vs stellar mass relation at redshift 6  binned by UV mag
-30.597056656574278 0.0 0.0 0.0 6
-30.097056656574278 0.0 0.0 0.0 6
-29.597056656574278 0.0 0.0 0.0 6
-29.097056656574278 0.0 0.0 0.0 6
-28.597056656574278 0.0 0.0 0.0 6
-28.097056656574278 0.0 0.0 0.0 6
-27.597056656574278 0.0 0.0 0.0 6
-27.097056656574278 0.0 0.0 0.0 6
-26.597056656574278 0.0 0.0 0.0 6
-26.097056656574278 0.0 0.0 0.0 6
-25.597056656574278 0.0 0.0 0.0 6
-25.097056656574278 0.0 0.0 0.0 6
-24.597056656574278 0.0 0.0 0.0 6
-24.097056656574278 0.0 0.0 0.0 6
-23.597056656574278 0.0 0.0 0.0 6
-23.097056656574278 0.0 0.0 0.0 6
-22.597056656574278 0.0 0.0 0.0 6
-22.097056656574278 9.467121124267578 0.14556407928466797 0.28686046600341797 6
-21.597056656574278 9.322059631347656 0.2023334503173828 0.2969226837158203 6
-21.097056656574278 9.106341361999512 0.20702838897705078 0.24636077880859375 6
-20.597056656574278 8.913755416870117 0.2094869613647461 0.24969100952148438 6
-20.097056656574278 8.725202560424805 0.22726058959960938 0.24709701538085938 6
-19.597056656574278 8.507699966430664 0.2384471893310547 0.24703311920166016 6
-19.097056656574278 8.275635719299316 0.21286678314208984 0.2700958251953125 6
-18.597056656574278 8.0748872756958 0.21608972549438477 0.2962045669555664 6
-18.097056656574278 7.863638877868652 0.22181177139282227 0.3319845199584961 6
-17.597056656574278 7.652803421020508 0.22682809829711914 0.317901611328125 6
-17.097056656574278 7.44198751449585 0.23706626892089844 0.3029470443725586 6
-16.597056656574278 7.230572700500488 0.2487010955810547 0.2976541519165039 6
-16.097056656574278 7.016448974609375 0.26796674728393555 0.2981443405151367 6
-15.597056656574278 6.797900199890137 0.29589223861694336 0.3058466911315918 6
-15.097056656574278 6.568061828613281 0.33918142318725586 0.3209357261657715 6
-14.597056656574278 6.3129496574401855 0.39342498779296875 0.3515443801879883 6
-14.097056656574278 6.01362419128418 0.4611210823059082 0.4120063781738281 6
-13.597056656574278 5.799488544464111 0.6468567848205566 0.46794605255126953 6
-13.097056656574278 5.944930553436279 0.7684845924377441 0.4523797035217285 6
-12.597056656574278 6.043503761291504 0.6295843124389648 0.4950294494628906 6
-12.097056656574278 6.045970916748047 0.6614561080932617 0.5539202690124512 6
-11.597056656574278 6.033445835113525 0.6703987121582031 0.5609631538391113 6
-11.097056656574278 6.029725074768066 0.6828360557556152 0.5647182464599609 6
#UV mag vs stellar mass relation at redshift 8  binned by UV mag
-30.597056656574278 0.0 0.0 0.0 8
-30.097056656574278 0.0 0.0 0.0 8
-29.597056656574278 0.0 0.0 0.0 8
-29.097056656574278 0.0 0.0 0.0 8
-28.597056656574278 0.0 0.0 0.0 8
-28.097056656574278 0.0 0.0 0.0 8
-27.597056656574278 0.0 0.0 0.0 8
-27.097056656574278 0.0 0.0 0.0 8
-26.597056656574278 0.0 0.0 0.0 8
-26.097056656574278 0.0 0.0 0.0 8
-25.597056656574278 0.0 0.0 0.0 8
-25.097056656574278 0.0 0.0 0.0 8
-24.597056656574278 0.0 0.0 0.0 8
-24.097056656574278 0.0 0.0 0.0 8
-23.597056656574278 0.0 0.0 0.0 8
-23.097056656574278 0.0 0.0 0.0 8
-22.597056656574278 0.0 0.0 0.0 8
-22.097056656574278 0.0 0.0 0.0 8
-21.597056656574278 9.014322280883789 0.33940696716308594 0.2369546890258789 8
-21.097056656574278 8.877496719360352 0.24796676635742188 0.20409870147705078 8
-20.597056656574278 8.677635192871094 0.2085895538330078 0.19237518310546875 8
-20.097056656574278 8.441363334655762 0.1829977035522461 0.2097492218017578 8
-19.597056656574278 8.225300788879395 0.173309326171875 0.22179126739501953 8
-19.097056656574278 8.013051986694336 0.17479848861694336 0.2419424057006836 8
-18.597056656574278 7.802660942077637 0.1907033920288086 0.24376201629638672 8
-18.097056656574278 7.586759090423584 0.2018284797668457 0.24437904357910156 8
-17.597056656574278 7.371034145355225 0.21522855758666992 0.23980712890625 8
-17.097056656574278 7.1505351066589355 0.2306227684020996 0.24637556076049805 8
-16.597056656574278 6.924036979675293 0.25568199157714844 0.2557411193847656 8
-16.097056656574278 6.687413215637207 0.2924942970275879 0.27602100372314453 8
-15.597056656574278 6.432319641113281 0.33864450454711914 0.3045029640197754 8
-15.097056656574278 6.151060104370117 0.3817892074584961 0.3543381690979004 8
-14.597056656574278 5.864177703857422 0.46361732482910156 0.434783935546875 8
-14.097056656574278 5.647284507751465 0.47937679290771484 0.678257942199707 8
-13.597056656574278 5.953540802001953 0.8082318305969238 0.5691313743591309 8
-13.097056656574278 6.025169849395752 0.7689075469970703 0.5608630180358887 8
-12.597056656574278 6.0464606285095215 0.7477412223815918 0.5522794723510742 8
-12.097056656574278 6.057164669036865 0.7446832656860352 0.5452861785888672 8
-11.597056656574278 6.062007427215576 0.7387838363647461 0.526303768157959 8
-11.097056656574278 6.052784442901611 0.7230424880981445 0.5279479026794434 8
#UV mag vs stellar mass relation at redshift 10  binned by UV mag
-30.597056656574278 0.0 0.0 0.0 10
-30.097056656574278 0.0 0.0 0.0 10
-29.597056656574278 0.0 0.0 0.0 10
-29.097056656574278 0.0 0.0 0.0 10
-28.597056656574278 0.0 0.0 0.0 10
-28.097056656574278 0.0 0.0 0.0 10
-27.597056656574278 0.0 0.0 0.0 10
-27.097056656574278 0.0 0.0 0.0 10
-26.597056656574278 0.0 0.0 0.0 10
-26.097056656574278 0.0 0.0 0.0 10
-25.597056656574278 0.0 0.0 0.0 10
-25.097056656574278 0.0 0.0 0.0 10
-24.597056656574278 0.0 0.0 0.0 10
-24.097056656574278 0.0 0.0 0.0 10
-23.597056656574278 0.0 0.0 0.0 10
-23.097056656574278 0.0 0.0 0.0 10
-22.597056656574278 0.0 0.0 0.0 10
-22.097056656574278 0.0 0.0 0.0 10
-21.597056656574278 0.0 0.0 0.0 10
-21.097056656574278 8.55368423461914 0.4754180908203125 0.1892261505126953 10
-20.597056656574278 8.459809303283691 0.2014760971069336 0.21811866760253906 10
-20.097056656574278 8.226607322692871 0.16648578643798828 0.2052326202392578 10
-19.597056656574278 8.00309944152832 0.18562746047973633 0.1984424591064453 10
-19.097056656574278 7.803069114685059 0.1803135871887207 0.21231555938720703 10
-18.597056656574278 7.584780693054199 0.18867778778076172 0.21074295043945312 10
-18.097056656574278 7.361254692077637 0.20259809494018555 0.21506023406982422 10
-17.597056656574278 7.13260555267334 0.2194061279296875 0.2193617820739746 10
-17.097056656574278 6.889301300048828 0.2339487075805664 0.2304391860961914 10
-16.597056656574278 6.636527061462402 0.2646913528442383 0.25752973556518555 10
-16.097056656574278 6.356319904327393 0.29522037506103516 0.29495716094970703 10
-15.597056656574278 6.0483808517456055 0.2956509590148926 0.367032527923584 10
-15.097056656574278 5.791979789733887 0.4176359176635742 0.5381875038146973 10
-14.597056656574278 5.268551349639893 0.06867170333862305 0.9044322967529297 10
-14.097056656574278 5.718174934387207 0.6532998085021973 0.744652271270752 10
-13.597056656574278 5.918519496917725 0.7005062103271484 0.5983319282531738 10
-13.097056656574278 5.958956718444824 0.7090983390808105 0.581934928894043 10
-12.597056656574278 6.000309944152832 0.735234260559082 0.5460991859436035 10
-12.097056656574278 6.0101447105407715 0.7418184280395508 0.5379009246826172 10
-11.597056656574278 5.997903823852539 0.723876953125 0.540168285369873 10
-11.097056656574278 5.990333557128906 0.722200870513916 0.5319976806640625 10
#UV mag vs stellar mass relation at redshift 12.7  binned by UV mag
-30.597056656574278 0.0 0.0 0.0 12.7
-30.097056656574278 0.0 0.0 0.0 12.7
-29.597056656574278 0.0 0.0 0.0 12.7
-29.097056656574278 0.0 0.0 0.0 12.7
-28.597056656574278 0.0 0.0 0.0 12.7
-28.097056656574278 0.0 0.0 0.0 12.7
-27.597056656574278 0.0 0.0 0.0 12.7
-27.097056656574278 0.0 0.0 0.0 12.7
-26.597056656574278 0.0 0.0 0.0 12.7
-26.097056656574278 0.0 0.0 0.0 12.7
-25.597056656574278 0.0 0.0 0.0 12.7
-25.097056656574278 0.0 0.0 0.0 12.7
-24.597056656574278 0.0 0.0 0.0 12.7
-24.097056656574278 0.0 0.0 0.0 12.7
-23.597056656574278 0.0 0.0 0.0 12.7
-23.097056656574278 0.0 0.0 0.0 12.7
-22.597056656574278 0.0 0.0 0.0 12.7
-22.097056656574278 0.0 0.0 0.0 12.7
-21.597056656574278 0.0 0.0 0.0 12.7
-21.097056656574278 0.0 0.0 0.0 12.7
-20.597056656574278 0.0 0.0 0.0 12.7
-20.097056656574278 7.981821060180664 0.3911161422729492 0.1658010482788086 12.7
-19.597056656574278 7.803887367248535 0.18375015258789062 0.18543338775634766 12.7
-19.097056656574278 7.5880608558654785 0.16619873046875 0.25943613052368164 12.7
-18.597056656574278 7.36667537689209 0.2054753303527832 0.2116069793701172 12.7
-18.097056656574278 7.125622272491455 0.1741471290588379 0.2061443328857422 12.7
-17.597056656574278 6.8738603591918945 0.19537115097045898 0.20252275466918945 12.7
-17.097056656574278 6.597227096557617 0.209564208984375 0.2295670509338379 12.7
-16.597056656574278 6.311710357666016 0.2168903350830078 0.26303768157958984 12.7
-16.097056656574278 5.993671894073486 0.22199058532714844 0.3203301429748535 12.7
-15.597056656574278 5.716132164001465 0.24133014678955078 0.6246652603149414 12.7
-15.097056656574278 5.269652366638184 0.05783271789550781 0.5073003768920898 12.7
-14.597056656574278 5.171026229858398 0.08962726593017578 0.9736905097961426 12.7
-14.097056656574278 5.376598358154297 0.42386341094970703 0.9247884750366211 12.7
-13.597056656574278 5.738871097564697 0.6117234230041504 0.6629328727722168 12.7
-13.097056656574278 5.760738849639893 0.6158604621887207 0.6267380714416504 12.7
-12.597056656574278 5.763181686401367 0.5797600746154785 0.6350111961364746 12.7
-12.097056656574278 5.743070602416992 0.5516128540039062 0.6062788963317871 12.7
-11.597056656574278 5.770648002624512 0.5609989166259766 0.5991482734680176 12.7
-11.097056656574278 5.769232749938965 0.5608386993408203 0.6003580093383789 12.7
#UV mag vs stellar mass relation at redshift 15  binned by UV mag
-30.597056656574278 0.0 0.0 0.0 15
-30.097056656574278 0.0 0.0 0.0 15
-29.597056656574278 0.0 0.0 0.0 15
-29.097056656574278 0.0 0.0 0.0 15
-28.597056656574278 0.0 0.0 0.0 15
-28.097056656574278 0.0 0.0 0.0 15
-27.597056656574278 0.0 0.0 0.0 15
-27.097056656574278 0.0 0.0 0.0 15
-26.597056656574278 0.0 0.0 0.0 15
-26.097056656574278 0.0 0.0 0.0 15
-25.597056656574278 0.0 0.0 0.0 15
-25.097056656574278 0.0 0.0 0.0 15
-24.597056656574278 0.0 0.0 0.0 15
-24.097056656574278 0.0 0.0 0.0 15
-23.597056656574278 0.0 0.0 0.0 15
-23.097056656574278 0.0 0.0 0.0 15
-22.597056656574278 0.0 0.0 0.0 15
-22.097056656574278 0.0 0.0 0.0 15
-21.597056656574278 0.0 0.0 0.0 15
-21.097056656574278 0.0 0.0 0.0 15
-20.597056656574278 0.0 0.0 0.0 15
-20.097056656574278 0.0 0.0 0.0 15
-19.597056656574278 0.0 0.0 0.0 15
-19.097056656574278 0.0 0.0 0.0 15
-18.597056656574278 7.214255332946777 0.18179941177368164 0.11043739318847656 15
-18.097056656574278 6.941161155700684 0.1446394920349121 0.1745891571044922 15
-17.597056656574278 6.644803524017334 0.15375328063964844 0.1974959373474121 15
-17.097056656574278 6.384702682495117 0.20771217346191406 0.18505859375 15
-16.597056656574278 6.056044578552246 0.1847233772277832 0.25498294830322266 15
-16.097056656574278 5.745182037353516 0.06480932235717773 0.3463120460510254 15
-15.597056656574278 5.423763275146484 0.13872528076171875 0.7871870994567871 15
-15.097056656574278 5.187678337097168 0.06016397476196289 0.058695316314697266 15
-14.597056656574278 5.123235702514648 0.15238189697265625 0.8324604034423828 15
-14.097056656574278 5.282761573791504 0.3434162139892578 0.9763321876525879 15
-13.597056656574278 5.220250129699707 0.2287464141845703 0.918358325958252 15
-13.097056656574278 5.307215213775635 0.5080709457397461 0.7845368385314941 15
-12.597056656574278 5.244359970092773 0.1544666290283203 0.7373833656311035 15
-12.097056656574278 5.181801795959473 0.15604352951049805 0.8130149841308594 15
-11.597056656574278 5.7458815574646 0.6224856376647949 0.32111215591430664 15
-11.097056656574278 5.181257724761963 0.06326627731323242 0.7241826057434082 15
#UV mag vs stellar mass relation at redshift 17  binned by UV mag
-30.597056656574278 0.0 0.0 0.0 17
-30.097056656574278 0.0 0.0 0.0 17
-29.597056656574278 0.0 0.0 0.0 17
-29.097056656574278 0.0 0.0 0.0 17
-28.597056656574278 0.0 0.0 0.0 17
-28.097056656574278 0.0 0.0 0.0 17
-27.597056656574278 0.0 0.0 0.0 17
-27.097056656574278 0.0 0.0 0.0 17
-26.597056656574278 0.0 0.0 0.0 17
-26.097056656574278 0.0 0.0 0.0 17
-25.597056656574278 0.0 0.0 0.0 17
-25.097056656574278 0.0 0.0 0.0 17
-24.597056656574278 0.0 0.0 0.0 17
-24.097056656574278 0.0 0.0 0.0 17
-23.597056656574278 0.0 0.0 0.0 17
-23.097056656574278 0.0 0.0 0.0 17
-22.597056656574278 0.0 0.0 0.0 17
-22.097056656574278 0.0 0.0 0.0 17
-21.597056656574278 0.0 0.0 0.0 17
-21.097056656574278 0.0 0.0 0.0 17
-20.597056656574278 0.0 0.0 0.0 17
-20.097056656574278 0.0 0.0 0.0 17
-19.597056656574278 0.0 0.0 0.0 17
-19.097056656574278 0.0 0.0 0.0 17
-18.597056656574278 0.0 0.0 0.0 17
-18.097056656574278 0.0 0.0 0.0 17
-17.597056656574278 6.506031513214111 0.24509620666503906 0.10414886474609375 17
-17.097056656574278 6.236716270446777 0.11791753768920898 0.18327808380126953 17
-16.597056656574278 5.876884937286377 0.1292581558227539 0.13051891326904297 17
-16.097056656574278 5.665457725524902 0.06714916229248047 0.0473628044128418 17
-15.597056656574278 5.2527055740356445 0.04654502868652344 0.4186372756958008 17
-15.097056656574278 5.12258768081665 0.03817176818847656 0.046328067779541016 17
-14.597056656574278 4.961056709289551 0.04734325408935547 0.2502412796020508 17
-14.097056656574278 5.010205268859863 0.24254941940307617 0.31311941146850586 17
-13.597056656574278 5.166908264160156 0.14610624313354492 0.6316256523132324 17
-13.097056656574278 0.0 0.0 0.0 17
-12.597056656574278 0.0 0.0 0.0 17
-12.097056656574278 0.0 0.0 0.0 17
-11.597056656574278 0.0 0.0 0.0 17
-11.097056656574278 0.0 0.0 0.0 17
