#redshift log10(Mstar) Mdust must_up msut_dn exponent_Mdust
0.25   9.125    1.58 0.92   0.48   1e6   
0.25   9.375    6.80 1.90   1.80   1e5   
0.25   9.625    2.59 0.37   0.44   1e6   
0.25   9.875   5.55 0.80   0.64   1e6    
0.25   10.125   8.94 0.94   0.53   1e6   
0.25   10.375   1.52 0.16   0.13   1e7   
0.25   10.625    2.16 0.27   0.28   1e7  
0.25   10.875    2.30 0.27   0.29   1e7  
0.25   11.125    2.25 0.51   0.39   1e7  
0.75   9.125     5.30 1.45   1.14   1e6  
0.75   9.375   4.94 0.81   0.93   1e6    
0.75   9.625    7.81 1.23   0.49   1e6   
0.75   9.875    1.42 0.14   0.09   1e7   
0.75   10.125     2.37 0.18   0.19   1e7 
0.75   10.375     3.76 0.31   0.20   1e7 
0.75   10.625     5.62 0.44   0.37   1e7 
0.75   10.875     7.46 0.56   0.50   1e7 
0.75   11.125     8.08 1.29   0.48   1e7 
0.75   11.375     1.02 0.27   0.18   1e8 
1.25   9.125     6.29 1.54   1.25   1e6  
1.25   9.375     8.78 2.15   1.44   1e6  
1.25   9.625    8.80 1.21   0.85   1e6   
1.25   9.875    1.49 0.11   0.14   1e7   
1.25   10.125    2.87 0.35   0.32   1e7  
1.25   10.375    4.81 0.68   0.31   1e7  
1.25   10.625    7.57 0.65   0.63   1e7  
1.25   10.875     1.110 0.12   0.08   1e8 
1.25   11.125     1.72 0.13   0.17   1e8 
1.25   11.375     2.85 0.50   0.31   1e8 
1.75   9.125    6.83 1.60   1.70   1e6   
1.75   9.375    7.79 2.13   1.17   1e6   
1.75   9.625   9.42 2.14   1.03   1e6    
1.75   9.875   1.39 0.15   0.20   1e7    
1.75   10.125   2.83 0.22   0.30   1e7   
1.75   10.375   5.37 0.49   0.56   1e7   
1.75   10.625   9.22 0.96   0.67   1e7   
1.75   10.875   1.31 0.12   0.11   1e8   
1.75   11.125   2.01 0.26   0.16   1e8   
1.75   11.375   3.47 0.55   0.33   1e8   
2.25   9.125    6.20 1.91   1.59   1e6   
2.25   9.375    8.80 2.19   1.98   1e6   
2.25   9.625    1.21 0.24   0.22   1e7   
2.25   9.875   2.16 0.23   0.26   1e7    
2.25   10.125   4.15 0.45   0.49   1e7   
2.25   10.375   8.81 1.26   0.56   1e7   
2.25   10.625   1.48 0.14   0.19   1e8   
2.25   10.875   2.07 0.25   0.21   1e8   
2.25   11.125   2.50 0.23   0.34   1e8   
2.25   11.375   3.86 0.60   0.40   1e8   
2.75   9.375    8.38 2.05   1.69   1e6   
2.75   9.625      1.48 0.51   0.45   1e7 
2.75   9.875    3.69 0.83   0.74   1e7   
2.75   10.125   4.14 0.79   0.41   1e7   
2.75   10.375   8.71 1.32   1.15   1e7   
2.75   10.625   1.42 0.19   0.13   1e8   
2.75   10.875   2.08 0.33   0.15   1e8   
2.75   11.125   2.68 0.37   0.26   1e8   
2.75   11.375   3.53 0.59   0.36   1e8   
3.25   9.375   1.37 0.62   0.46   1e7    
3.25   9.625    2.02 0.70   0.70   1e7   
3.25   9.875    2.24 0.41   0.61   1e7   
3.25   10.125    3.92 1.14   1.04   1e7  
3.25   10.375     6.71 0.99   0.88   1e7 
3.25   10.625    1.21 0.20   0.12   1e8  
3.25   10.875    2.29 0.27   0.25   1e8  
3.25   11.125    3.12 0.51   0.29   1e8  
3.25   11.375    3.34 0.50   0.46   1e8  
3.75   9.625    1.46 0.75   0.51   1e7   
3.75   9.875    4.93 2.67   1.64   1e7   
3.75   10.125   7.33 1.57   1.52   1e7   
3.75   10.375    8.79 1.58   1.24   1e7  
3.75   10.625    1.33 0.16   0.19   1e8  
3.75   10.875    2.74 0.47   0.28   1e8  
3.75   11.125    4.06 0.48   0.55   1e8  
3.75   11.375    3.81 0.39   0.41   1e8  
4.25   9.625    1.49 0.94   0.69   1e7   
4.25   9.875    5.1 2.18   1.75   1e7   
4.25   10.125   6.69 1.34   1.36   1e7   
4.25   10.375    1.11 0.30   0.14   1e8  
4.25   10.625    1.60 0.38   0.19   1e8  
4.25   10.875    2.40 0.35   0.27   1e8  
4.25   11.125    4.61 0.63   0.45   1e8  
4.25   11.375    4.70 0.64   0.61   1e8  
4.75   9.625    2.87 3.49   1.81   1e7   
4.75   9.875    5.95 3.01   2.55   1e7   
4.75   10.125    1.03 0.35   0.27   1e8  
4.75   10.375    2.39 0.87   0.56   1e8  
4.75   10.625    2.54 0.60   0.51   1e8  
4.75   10.875    3.18 0.64   0.42   1e8  
4.75   11.125    2.69 0.75   0.49   1e8  
4.75   11.375    3.59 0.49   0.56   1e8  
5.25   9.875       6.44 8.09   3.97   1e7
5.25   10.125    1.16 0.49   0.42   1e8  
5.25   10.375    1.64 0.29   0.31   1e8  
5.25   10.625    2.48 0.41   0.44   1e8  
5.25   10.875    2.64 0.36   0.33   1e8  
5.25   11.125    3.64 0.43   0.51   1e8  
5.25   11.375    4.69 0.76   0.59   1e8  
5.75   9.875     4.47 3.47   2.03   1e7  
5.75   10.125    6.79 4.16   3.17   1e7  
5.75   10.375    1.53 0.51   0.39   1e8  
5.75   10.625    1.59 0.28   0.23   1e8  
5.75   10.875    2.76 0.46   0.31   1e8  
5.75   11.125    3.12 0.46   0.38   1e8  
6.25   9.625    2.99 8.49   1.90   1e10  
6.25   9.875    3.13 1.64   1.32   1e7   
6.25   10.375    2.22 1.96   1.22   1e8  
6.25   10.625    2.55 0.59   0.54   1e8  
6.25   10.875    3.07 0.67   0.58   1e8  
6.25   11.125    2.23 0.46   0.31   1e8  
6.75   10.625    2.97 0.87   0.77   1e8  
6.75   10.875    2.54 0.74   0.51   1e8  
